16882 18157 18175 18191 19466 
16882 18157 18175 18191 19466 
16882 18157 18175 18191 19466 
16882 18157 18175 18191 19466 
16882 18157 18175 18191 19466 
15590 16865 16883 16899 18174 
15590 16865 16883 16899 18174 
15590 16865 16883 16899 18174 
15590 16865 16883 16899 18174 
15590 16865 16883 16899 18174 
15591 16866 16882 16884 16900 18175 
15591 16866 16882 16884 16900 18175 
15591 16866 16882 16884 16900 18175 
15591 16866 16882 16884 16900 18175 
15591 16866 16882 16884 16900 18175 
15591 16866 16882 16884 16900 18175 
16883 18158 18174 18176 18192 19467 
16883 18158 18174 18176 18192 19467 
16883 18158 18174 18176 18192 19467 
16883 18158 18174 18176 18192 19467 
16883 18158 18174 18176 18192 19467 
16883 18158 18174 18176 18192 19467 
16883 18158 18174 18176 18192 19467 
16883 18158 18174 18176 18192 19467 
16883 18158 18174 18176 18192 19467 
16883 18158 18174 18176 18192 19467 
16883 18158 18174 18176 18192 19467 
16883 18158 18174 18176 18192 19467 
14299 15574 15590 15592 15608 16883 
14299 15574 15590 15592 15608 16883 
14299 15574 15590 15592 15608 16883 
14299 15574 15590 15592 15608 16883 
14299 15574 15590 15592 15608 16883 
14299 15574 15590 15592 15608 16883 
15592 16867 16883 16885 16901 18176 
15592 16867 16883 16885 16901 18176 
15592 16867 16883 16885 16901 18176 
15592 16867 16883 16885 16901 18176 
15592 16867 16883 16885 16901 18176 
15592 16867 16883 16885 16901 18176 
14300 15575 15591 15593 15609 16884 
14300 15575 15591 15593 15609 16884 
14300 15575 15591 15593 15609 16884 
14300 15575 15591 15593 15609 16884 
14300 15575 15591 15593 15609 16884 
14300 15575 15591 15593 15609 16884 
14298 15573 15591 15607 16882 
14298 15573 15591 15607 16882 
14298 15573 15591 15607 16882 
14298 15573 15591 15607 16882 
14298 15573 15591 15607 16882 
13007 14282 14298 14300 14316 15591 
13007 14282 14298 14300 14316 15591 
13007 14282 14298 14300 14316 15591 
13007 14282 14298 14300 14316 15591 
13007 14282 14298 14300 14316 15591 
13007 14282 14298 14300 14316 15591 
13008 14283 14299 14301 14317 15592 
13008 14283 14299 14301 14317 15592 
13008 14283 14299 14301 14317 15592 
13008 14283 14299 14301 14317 15592 
13008 14283 14299 14301 14317 15592 
13008 14283 14299 14301 14317 15592 
16884 18159 18175 18177 18193 19468 
16884 18159 18175 18177 18193 19468 
16884 18159 18175 18177 18193 19468 
16884 18159 18175 18177 18193 19468 
16884 18159 18175 18177 18193 19468 
16884 18159 18175 18177 18193 19468 
14301 15576 15592 15594 15610 16885 
14301 15576 15592 15594 15610 16885 
14301 15576 15592 15594 15610 16885 
14301 15576 15592 15594 15610 16885 
14301 15576 15592 15594 15610 16885 
14301 15576 15592 15594 15610 16885 
13009 14284 14300 14302 14318 15593 
13009 14284 14300 14302 14318 15593 
13009 14284 14300 14302 14318 15593 
13009 14284 14300 14302 14318 15593 
13009 14284 14300 14302 14318 15593 
13009 14284 14300 14302 14318 15593 
13006 14281 14299 14315 15590 
13006 14281 14299 14315 15590 
13006 14281 14299 14315 15590 
13006 14281 14299 14315 15590 
13006 14281 14299 14315 15590 
11716 12991 13007 13009 13025 14300 
11716 12991 13007 13009 13025 14300 
11716 12991 13007 13009 13025 14300 
11716 12991 13007 13009 13025 14300 
11716 12991 13007 13009 13025 14300 
11716 12991 13007 13009 13025 14300 
15593 16868 16884 16886 16902 18177 
15593 16868 16884 16886 16902 18177 
15593 16868 16884 16886 16902 18177 
15593 16868 16884 16886 16902 18177 
15593 16868 16884 16886 16902 18177 
15593 16868 16884 16886 16902 18177 
15574 16849 16865 16867 16883 18158 
15574 16849 16865 16867 16883 18158 
15574 16849 16865 16867 16883 18158 
15574 16849 16865 16867 16883 18158 
15574 16849 16865 16867 16883 18158 
15574 16849 16865 16867 16883 18158 
11715 12990 13006 13008 13024 14299 
11715 12990 13006 13008 13024 14299 
11715 12990 13006 13008 13024 14299 
11715 12990 13006 13008 13024 14299 
11715 12990 13006 13008 13024 14299 
11715 12990 13006 13008 13024 14299 
15573 16848 16866 16882 18157 
15573 16848 16866 16882 18157 
15573 16848 16866 16882 18157 
15573 16848 16866 16882 18157 
15573 16848 16866 16882 18157 
11717 12992 13008 13010 13026 14301 
11717 12992 13008 13010 13026 14301 
11717 12992 13008 13010 13026 14301 
11717 12992 13008 13010 13026 14301 
11717 12992 13008 13010 13026 14301 
11717 12992 13008 13010 13026 14301 
14282 15557 15573 15575 15591 16866 
14282 15557 15573 15575 15591 16866 
14282 15557 15573 15575 15591 16866 
14282 15557 15573 15575 15591 16866 
14282 15557 15573 15575 15591 16866 
14282 15557 15573 15575 15591 16866 
18174 19449 19467 19483 20758 
18174 19449 19467 19483 20758 
18174 19449 19467 19483 20758 
18174 19449 19467 19483 20758 
18174 19449 19467 19483 20758 
18175 19450 19466 19468 19484 20759 
18175 19450 19466 19468 19484 20759 
18175 19450 19466 19468 19484 20759 
18175 19450 19466 19468 19484 20759 
18175 19450 19466 19468 19484 20759 
18175 19450 19466 19468 19484 20759 
16865 18140 18158 18174 19449 
16865 18140 18158 18174 19449 
16865 18140 18158 18174 19449 
16865 18140 18158 18174 19449 
16865 18140 18158 18174 19449 
16865 18140 18158 18174 19449 
16865 18140 18158 18174 19449 
16865 18140 18158 18174 19449 
16865 18140 18158 18174 19449 
16865 18140 18158 18174 19449 
16866 18141 18157 18159 18175 19450 
16866 18141 18157 18159 18175 19450 
16866 18141 18157 18159 18175 19450 
16866 18141 18157 18159 18175 19450 
16866 18141 18157 18159 18175 19450 
16866 18141 18157 18159 18175 19450 
14283 15558 15574 15576 15592 16867 
14283 15558 15574 15576 15592 16867 
14283 15558 15574 15576 15592 16867 
14283 15558 15574 15576 15592 16867 
14283 15558 15574 15576 15592 16867 
14283 15558 15574 15576 15592 16867 
13010 14285 14301 14303 14319 15594 
13010 14285 14301 14303 14319 15594 
13010 14285 14301 14303 14319 15594 
13010 14285 14301 14303 14319 15594 
13010 14285 14301 14303 14319 15594 
13010 14285 14301 14303 14319 15594 
15575 16850 16866 16868 16884 18159 
15575 16850 16866 16868 16884 18159 
15575 16850 16866 16868 16884 18159 
15575 16850 16866 16868 16884 18159 
15575 16850 16866 16868 16884 18159 
15575 16850 16866 16868 16884 18159 
14281 15556 15574 15590 16865 
14281 15556 15574 15590 16865 
14281 15556 15574 15590 16865 
14281 15556 15574 15590 16865 
14281 15556 15574 15590 16865 
14302 15577 15593 15595 15611 16886 
14302 15577 15593 15595 15611 16886 
14302 15577 15593 15595 15611 16886 
14302 15577 15593 15595 15611 16886 
14302 15577 15593 15595 15611 16886 
14302 15577 15593 15595 15611 16886 
11714 12989 13007 13023 14298 
11714 12989 13007 13023 14298 
11714 12989 13007 13023 14298 
11714 12989 13007 13023 14298 
11714 12989 13007 13023 14298 
10424 11699 11715 11717 11733 13008 
10424 11699 11715 11717 11733 13008 
10424 11699 11715 11717 11733 13008 
10424 11699 11715 11717 11733 13008 
10424 11699 11715 11717 11733 13008 
10424 11699 11715 11717 11733 13008 
11718 12993 13009 13011 13027 14302 
11718 12993 13009 13011 13027 14302 
11718 12993 13009 13011 13027 14302 
11718 12993 13009 13011 13027 14302 
11718 12993 13009 13011 13027 14302 
11718 12993 13009 13011 13027 14302 
10425 11700 11716 11718 11734 13009 
10425 11700 11716 11718 11734 13009 
10425 11700 11716 11718 11734 13009 
10425 11700 11716 11718 11734 13009 
10425 11700 11716 11718 11734 13009 
10425 11700 11716 11718 11734 13009 
16885 18160 18176 18178 18194 19469 
16885 18160 18176 18178 18194 19469 
16885 18160 18176 18178 18194 19469 
16885 18160 18176 18178 18194 19469 
16885 18160 18176 18178 18194 19469 
16885 18160 18176 18178 18194 19469 
12990 14265 14281 14283 14299 15574 
12990 14265 14281 14283 14299 15574 
12990 14265 14281 14283 14299 15574 
12990 14265 14281 14283 14299 15574 
12990 14265 14281 14283 14299 15574 
12990 14265 14281 14283 14299 15574 
12991 14266 14282 14284 14300 15575 
12991 14266 14282 14284 14300 15575 
12991 14266 14282 14284 14300 15575 
12991 14266 14282 14284 14300 15575 
12991 14266 14282 14284 14300 15575 
12991 14266 14282 14284 14300 15575 
10423 11698 11714 11716 11732 13007 
10423 11698 11714 11716 11732 13007 
10423 11698 11714 11716 11732 13007 
10423 11698 11714 11716 11732 13007 
10423 11698 11714 11716 11732 13007 
10423 11698 11714 11716 11732 13007 
15594 16869 16885 16887 16903 18178 
15594 16869 16885 16887 16903 18178 
15594 16869 16885 16887 16903 18178 
15594 16869 16885 16887 16903 18178 
15594 16869 16885 16887 16903 18178 
15594 16869 16885 16887 16903 18178 
10426 11701 11717 11719 11735 13010 
10426 11701 11717 11719 11735 13010 
10426 11701 11717 11719 11735 13010 
10426 11701 11717 11719 11735 13010 
10426 11701 11717 11719 11735 13010 
10426 11701 11717 11719 11735 13010 
18176 19451 19467 19469 19485 20760 
18176 19451 19467 19469 19485 20760 
18176 19451 19467 19469 19485 20760 
18176 19451 19467 19469 19485 20760 
18176 19451 19467 19469 19485 20760 
18176 19451 19467 19469 19485 20760 
14284 15559 15575 15577 15593 16868 
14284 15559 15575 15577 15593 16868 
14284 15559 15575 15577 15593 16868 
14284 15559 15575 15577 15593 16868 
14284 15559 15575 15577 15593 16868 
14284 15559 15575 15577 15593 16868 
16867 18142 18158 18160 18176 19451 
16867 18142 18158 18160 18176 19451 
16867 18142 18158 18160 18176 19451 
16867 18142 18158 18160 18176 19451 
16867 18142 18158 18160 18176 19451 
16867 18142 18158 18160 18176 19451 
12992 14267 14283 14285 14301 15576 
12992 14267 14283 14285 14301 15576 
12992 14267 14283 14285 14301 15576 
12992 14267 14283 14285 14301 15576 
12992 14267 14283 14285 14301 15576 
12992 14267 14283 14285 14301 15576 
12989 14264 14282 14298 15573 
12989 14264 14282 14298 15573 
12989 14264 14282 14298 15573 
12989 14264 14282 14298 15573 
12989 14264 14282 14298 15573 
11699 12974 12990 12992 13008 14283 
11699 12974 12990 12992 13008 14283 
11699 12974 12990 12992 13008 14283 
11699 12974 12990 12992 13008 14283 
11699 12974 12990 12992 13008 14283 
11699 12974 12990 12992 13008 14283 
15576 16851 16867 16869 16885 18160 
15576 16851 16867 16869 16885 18160 
15576 16851 16867 16869 16885 18160 
15576 16851 16867 16869 16885 18160 
15576 16851 16867 16869 16885 18160 
15576 16851 16867 16869 16885 18160 
13011 14286 14302 14304 14320 15595 
13011 14286 14302 14304 14320 15595 
13011 14286 14302 14304 14320 15595 
13011 14286 14302 14304 14320 15595 
13011 14286 14302 14304 14320 15595 
13011 14286 14302 14304 14320 15595 
9133 10408 10424 10426 10442 11717 
9133 10408 10424 10426 10442 11717 
9133 10408 10424 10426 10442 11717 
9133 10408 10424 10426 10442 11717 
9133 10408 10424 10426 10442 11717 
9133 10408 10424 10426 10442 11717 
11719 12994 13010 13012 13028 14303 
11719 12994 13010 13012 13028 14303 
11719 12994 13010 13012 13028 14303 
11719 12994 13010 13012 13028 14303 
11719 12994 13010 13012 13028 14303 
11719 12994 13010 13012 13028 14303 
9132 10407 10423 10425 10441 11716 
9132 10407 10423 10425 10441 11716 
9132 10407 10423 10425 10441 11716 
9132 10407 10423 10425 10441 11716 
9132 10407 10423 10425 10441 11716 
9132 10407 10423 10425 10441 11716 
11698 12973 12989 12991 13007 14282 
11698 12973 12989 12991 13007 14282 
11698 12973 12989 12991 13007 14282 
11698 12973 12989 12991 13007 14282 
11698 12973 12989 12991 13007 14282 
11698 12973 12989 12991 13007 14282 
10422 11697 11715 11731 13006 
10422 11697 11715 11731 13006 
10422 11697 11715 11731 13006 
10422 11697 11715 11731 13006 
10422 11697 11715 11731 13006 
11700 12975 12991 12993 13009 14284 
11700 12975 12991 12993 13009 14284 
11700 12975 12991 12993 13009 14284 
11700 12975 12991 12993 13009 14284 
11700 12975 12991 12993 13009 14284 
11700 12975 12991 12993 13009 14284 
14303 15578 15594 15596 15612 16887 
14303 15578 15594 15596 15612 16887 
14303 15578 15594 15596 15612 16887 
14303 15578 15594 15596 15612 16887 
14303 15578 15594 15596 15612 16887 
14303 15578 15594 15596 15612 16887 
9134 10409 10425 10427 10443 11718 
9134 10409 10425 10427 10443 11718 
9134 10409 10425 10427 10443 11718 
9134 10409 10425 10427 10443 11718 
9134 10409 10425 10427 10443 11718 
9134 10409 10425 10427 10443 11718 
10427 11702 11718 11720 11736 13011 
10427 11702 11718 11720 11736 13011 
10427 11702 11718 11720 11736 13011 
10427 11702 11718 11720 11736 13011 
10427 11702 11718 11720 11736 13011 
10427 11702 11718 11720 11736 13011 
9131 10406 10422 10424 10440 11715 
9131 10406 10422 10424 10440 11715 
9131 10406 10422 10424 10440 11715 
9131 10406 10422 10424 10440 11715 
9131 10406 10422 10424 10440 11715 
9131 10406 10422 10424 10440 11715 
16886 18161 18177 18179 18195 19470 
16886 18161 18177 18179 18195 19470 
16886 18161 18177 18179 18195 19470 
16886 18161 18177 18179 18195 19470 
16886 18161 18177 18179 18195 19470 
16886 18161 18177 18179 18195 19470 
12993 14268 14284 14286 14302 15577 
12993 14268 14284 14286 14302 15577 
12993 14268 14284 14286 14302 15577 
12993 14268 14284 14286 14302 15577 
12993 14268 14284 14286 14302 15577 
12993 14268 14284 14286 14302 15577 
18158 19433 19449 19451 19467 20742 
18158 19433 19449 19451 19467 20742 
18158 19433 19449 19451 19467 20742 
18158 19433 19449 19451 19467 20742 
18158 19433 19449 19451 19467 20742 
18158 19433 19449 19451 19467 20742 
14285 15560 15576 15578 15594 16869 
14285 15560 15576 15578 15594 16869 
14285 15560 15576 15578 15594 16869 
14285 15560 15576 15578 15594 16869 
14285 15560 15576 15578 15594 16869 
14285 15560 15576 15578 15594 16869 
11697 12972 12990 13006 14281 
11697 12972 12990 13006 14281 
11697 12972 12990 13006 14281 
11697 12972 12990 13006 14281 
11697 12972 12990 13006 14281 
18177 19452 19468 19470 19486 20761 
18177 19452 19468 19470 19486 20761 
18177 19452 19468 19470 19486 20761 
18177 19452 19468 19470 19486 20761 
18177 19452 19468 19470 19486 20761 
18177 19452 19468 19470 19486 20761 
10407 11682 11698 11700 11716 12991 
10407 11682 11698 11700 11716 12991 
10407 11682 11698 11700 11716 12991 
10407 11682 11698 11700 11716 12991 
10407 11682 11698 11700 11716 12991 
10407 11682 11698 11700 11716 12991 
18157 19432 19450 19466 20741 
18157 19432 19450 19466 20741 
18157 19432 19450 19466 20741 
18157 19432 19450 19466 20741 
18157 19432 19450 19466 20741 
9135 10410 10426 10428 10444 11719 
9135 10410 10426 10428 10444 11719 
9135 10410 10426 10428 10444 11719 
9135 10410 10426 10428 10444 11719 
9135 10410 10426 10428 10444 11719 
9135 10410 10426 10428 10444 11719 
11701 12976 12992 12994 13010 14285 
11701 12976 12992 12994 13010 14285 
11701 12976 12992 12994 13010 14285 
11701 12976 12992 12994 13010 14285 
11701 12976 12992 12994 13010 14285 
11701 12976 12992 12994 13010 14285 
16868 18143 18159 18161 18177 19452 
16868 18143 18159 18161 18177 19452 
16868 18143 18159 18161 18177 19452 
16868 18143 18159 18161 18177 19452 
16868 18143 18159 18161 18177 19452 
16868 18143 18159 18161 18177 19452 
10408 11683 11699 11701 11717 12992 
10408 11683 11699 11701 11717 12992 
10408 11683 11699 11701 11717 12992 
10408 11683 11699 11701 11717 12992 
10408 11683 11699 11701 11717 12992 
10408 11683 11699 11701 11717 12992 
15595 16870 16886 16888 16904 18179 
15595 16870 16886 16888 16904 18179 
15595 16870 16886 16888 16904 18179 
15595 16870 16886 16888 16904 18179 
15595 16870 16886 16888 16904 18179 
15595 16870 16886 16888 16904 18179 
7841 9116 9132 9134 9150 10425 
7841 9116 9132 9134 9150 10425 
7841 9116 9132 9134 9150 10425 
7841 9116 9132 9134 9150 10425 
7841 9116 9132 9134 9150 10425 
7841 9116 9132 9134 9150 10425 
10406 11681 11697 11699 11715 12990 
10406 11681 11697 11699 11715 12990 
10406 11681 11697 11699 11715 12990 
10406 11681 11697 11699 11715 12990 
10406 11681 11697 11699 11715 12990 
10406 11681 11697 11699 11715 12990 
7840 9115 9131 9133 9149 10424 
7840 9115 9131 9133 9149 10424 
7840 9115 9131 9133 9149 10424 
7840 9115 9131 9133 9149 10424 
7840 9115 9131 9133 9149 10424 
7840 9115 9131 9133 9149 10424 
15557 16832 16848 16850 16866 18141 
15557 16832 16848 16850 16866 18141 
15557 16832 16848 16850 16866 18141 
15557 16832 16848 16850 16866 18141 
15557 16832 16848 16850 16866 18141 
15557 16832 16848 16850 16866 18141 
7842 9117 9133 9135 9151 10426 
7842 9117 9133 9135 9151 10426 
7842 9117 9133 9135 9151 10426 
7842 9117 9133 9135 9151 10426 
7842 9117 9133 9135 9151 10426 
7842 9117 9133 9135 9151 10426 
14265 15540 15556 15558 15574 16849 
14265 15540 15556 15558 15574 16849 
14265 15540 15556 15558 15574 16849 
14265 15540 15556 15558 15574 16849 
14265 15540 15556 15558 15574 16849 
14265 15540 15556 15558 15574 16849 
11720 12995 13011 13013 13029 14304 
11720 12995 13011 13013 13029 14304 
11720 12995 13011 13013 13029 14304 
11720 12995 13011 13013 13029 14304 
11720 12995 13011 13013 13029 14304 
11720 12995 13011 13013 13029 14304 
15577 16852 16868 16870 16886 18161 
15577 16852 16868 16870 16886 18161 
15577 16852 16868 16870 16886 18161 
15577 16852 16868 16870 16886 18161 
15577 16852 16868 16870 16886 18161 
15577 16852 16868 16870 16886 18161 
9130 10405 10423 10439 11714 
9130 10405 10423 10439 11714 
9130 10405 10423 10439 11714 
9130 10405 10423 10439 11714 
9130 10405 10423 10439 11714 
13012 14287 14303 14305 14321 15596 
13012 14287 14303 14305 14321 15596 
13012 14287 14303 14305 14321 15596 
13012 14287 14303 14305 14321 15596 
13012 14287 14303 14305 14321 15596 
13012 14287 14303 14305 14321 15596 
10428 11703 11719 11721 11737 13012 
10428 11703 11719 11721 11737 13012 
10428 11703 11719 11721 11737 13012 
10428 11703 11719 11721 11737 13012 
10428 11703 11719 11721 11737 13012 
10428 11703 11719 11721 11737 13012 
14266 15541 15557 15559 15575 16850 
14266 15541 15557 15559 15575 16850 
14266 15541 15557 15559 15575 16850 
14266 15541 15557 15559 15575 16850 
14266 15541 15557 15559 15575 16850 
14266 15541 15557 15559 15575 16850 
10409 11684 11700 11702 11718 12993 
10409 11684 11700 11702 11718 12993 
10409 11684 11700 11702 11718 12993 
10409 11684 11700 11702 11718 12993 
10409 11684 11700 11702 11718 12993 
10409 11684 11700 11702 11718 12993 
18159 19434 19450 19452 19468 20743 
18159 19434 19450 19452 19468 20743 
18159 19434 19450 19452 19468 20743 
18159 19434 19450 19452 19468 20743 
18159 19434 19450 19452 19468 20743 
18159 19434 19450 19452 19468 20743 
15558 16833 16849 16851 16867 18142 
15558 16833 16849 16851 16867 18142 
15558 16833 16849 16851 16867 18142 
15558 16833 16849 16851 16867 18142 
15558 16833 16849 16851 16867 18142 
15558 16833 16849 16851 16867 18142 
15556 16831 16849 16865 18140 
15556 16831 16849 16865 18140 
15556 16831 16849 16865 18140 
15556 16831 16849 16865 18140 
15556 16831 16849 16865 18140 
7843 9118 9134 9136 9152 10427 
7843 9118 9134 9136 9152 10427 
7843 9118 9134 9136 9152 10427 
7843 9118 9134 9136 9152 10427 
7843 9118 9134 9136 9152 10427 
7843 9118 9134 9136 9152 10427 
12974 14249 14265 14267 14283 15558 
12974 14249 14265 14267 14283 15558 
12974 14249 14265 14267 14283 15558 
12974 14249 14265 14267 14283 15558 
12974 14249 14265 14267 14283 15558 
12974 14249 14265 14267 14283 15558 
12973 14248 14264 14266 14282 15557 
12973 14248 14264 14266 14282 15557 
12973 14248 14264 14266 14282 15557 
12973 14248 14264 14266 14282 15557 
12973 14248 14264 14266 14282 15557 
12973 14248 14264 14266 14282 15557 
7839 9114 9130 9132 9148 10423 
7839 9114 9130 9132 9148 10423 
7839 9114 9130 9132 9148 10423 
7839 9114 9130 9132 9148 10423 
7839 9114 9130 9132 9148 10423 
7839 9114 9130 9132 9148 10423 
14264 15539 15557 15573 16848 
14264 15539 15557 15573 16848 
14264 15539 15557 15573 16848 
14264 15539 15557 15573 16848 
14264 15539 15557 15573 16848 
19467 20742 20758 20760 20776 22051 
19467 20742 20758 20760 20776 22051 
19467 20742 20758 20760 20776 22051 
19467 20742 20758 20760 20776 22051 
19467 20742 20758 20760 20776 22051 
19467 20742 20758 20760 20776 22051 
14304 15579 15595 15597 15613 16888 
14304 15579 15595 15597 15613 16888 
14304 15579 15595 15597 15613 16888 
14304 15579 15595 15597 15613 16888 
14304 15579 15595 15597 15613 16888 
14304 15579 15595 15597 15613 16888 
9136 10411 10427 10429 10445 11720 
9136 10411 10427 10429 10445 11720 
9136 10411 10427 10429 10445 11720 
9136 10411 10427 10429 10445 11720 
9136 10411 10427 10429 10445 11720 
9136 10411 10427 10429 10445 11720 
12994 14269 14285 14287 14303 15578 
12994 14269 14285 14287 14303 15578 
12994 14269 14285 14287 14303 15578 
12994 14269 14285 14287 14303 15578 
12994 14269 14285 14287 14303 15578 
12994 14269 14285 14287 14303 15578 
9116 10391 10407 10409 10425 11700 
9116 10391 10407 10409 10425 11700 
9116 10391 10407 10409 10425 11700 
9116 10391 10407 10409 10425 11700 
9116 10391 10407 10409 10425 11700 
9116 10391 10407 10409 10425 11700 
9115 10390 10406 10408 10424 11699 
9115 10390 10406 10408 10424 11699 
9115 10390 10406 10408 10424 11699 
9115 10390 10406 10408 10424 11699 
9115 10390 10406 10408 10424 11699 
9115 10390 10406 10408 10424 11699 
11702 12977 12993 12995 13011 14286 
11702 12977 12993 12995 13011 14286 
11702 12977 12993 12995 13011 14286 
11702 12977 12993 12995 13011 14286 
11702 12977 12993 12995 13011 14286 
11702 12977 12993 12995 13011 14286 
10405 11680 11698 11714 12989 
10405 11680 11698 11714 12989 
10405 11680 11698 11714 12989 
10405 11680 11698 11714 12989 
10405 11680 11698 11714 12989 
16849 18124 18140 18142 18158 19433 
16849 18124 18140 18142 18158 19433 
16849 18124 18140 18142 18158 19433 
16849 18124 18140 18142 18158 19433 
16849 18124 18140 18142 18158 19433 
16849 18124 18140 18142 18158 19433 
14267 15542 15558 15560 15576 16851 
14267 15542 15558 15560 15576 16851 
14267 15542 15558 15560 15576 16851 
14267 15542 15558 15560 15576 16851 
14267 15542 15558 15560 15576 16851 
14267 15542 15558 15560 15576 16851 
14286 15561 15577 15579 15595 16870 
14286 15561 15577 15579 15595 16870 
14286 15561 15577 15579 15595 16870 
14286 15561 15577 15579 15595 16870 
14286 15561 15577 15579 15595 16870 
14286 15561 15577 15579 15595 16870 
19466 20741 20759 20775 22050 
19466 20741 20759 20775 22050 
19466 20741 20759 20775 22050 
19466 20741 20759 20775 22050 
19466 20741 20759 20775 22050 
12975 14250 14266 14268 14284 15559 
12975 14250 14266 14268 14284 15559 
12975 14250 14266 14268 14284 15559 
12975 14250 14266 14268 14284 15559 
12975 14250 14266 14268 14284 15559 
12975 14250 14266 14268 14284 15559 
16887 18162 18178 18180 18196 19471 
16887 18162 18178 18180 18196 19471 
16887 18162 18178 18180 18196 19471 
16887 18162 18178 18180 18196 19471 
16887 18162 18178 18180 18196 19471 
16887 18162 18178 18180 18196 19471 
9117 10392 10408 10410 10426 11701 
9117 10392 10408 10410 10426 11701 
9117 10392 10408 10410 10426 11701 
9117 10392 10408 10410 10426 11701 
9117 10392 10408 10410 10426 11701 
9117 10392 10408 10410 10426 11701 
6549 7824 7840 7842 7858 9133 
6549 7824 7840 7842 7858 9133 
6549 7824 7840 7842 7858 9133 
6549 7824 7840 7842 7858 9133 
6549 7824 7840 7842 7858 9133 
6549 7824 7840 7842 7858 9133 
10410 11685 11701 11703 11719 12994 
10410 11685 11701 11703 11719 12994 
10410 11685 11701 11703 11719 12994 
10410 11685 11701 11703 11719 12994 
10410 11685 11701 11703 11719 12994 
10410 11685 11701 11703 11719 12994 
18178 19453 19469 19471 19487 20762 
18178 19453 19469 19471 19487 20762 
18178 19453 19469 19471 19487 20762 
18178 19453 19469 19471 19487 20762 
18178 19453 19469 19471 19487 20762 
18178 19453 19469 19471 19487 20762 
19468 20743 20759 20761 20777 22052 
19468 20743 20759 20761 20777 22052 
19468 20743 20759 20761 20777 22052 
19468 20743 20759 20761 20777 22052 
19468 20743 20759 20761 20777 22052 
19468 20743 20759 20761 20777 22052 
6550 7825 7841 7843 7859 9134 
6550 7825 7841 7843 7859 9134 
6550 7825 7841 7843 7859 9134 
6550 7825 7841 7843 7859 9134 
6550 7825 7841 7843 7859 9134 
6550 7825 7841 7843 7859 9134 
11682 12957 12973 12975 12991 14266 
11682 12957 12973 12975 12991 14266 
11682 12957 12973 12975 12991 14266 
11682 12957 12973 12975 12991 14266 
11682 12957 12973 12975 12991 14266 
11682 12957 12973 12975 12991 14266 
16848 18123 18141 18157 19432 
16848 18123 18141 18157 19432 
16848 18123 18141 18157 19432 
16848 18123 18141 18157 19432 
16848 18123 18141 18157 19432 
12972 14247 14265 14281 15556 
12972 14247 14265 14281 15556 
12972 14247 14265 14281 15556 
12972 14247 14265 14281 15556 
12972 14247 14265 14281 15556 
9114 10389 10405 10407 10423 11698 
9114 10389 10405 10407 10423 11698 
9114 10389 10405 10407 10423 11698 
9114 10389 10405 10407 10423 11698 
9114 10389 10405 10407 10423 11698 
9114 10389 10405 10407 10423 11698 
16869 18144 18160 18162 18178 19453 
16869 18144 18160 18162 18178 19453 
16869 18144 18160 18162 18178 19453 
16869 18144 18160 18162 18178 19453 
16869 18144 18160 18162 18178 19453 
16869 18144 18160 18162 18178 19453 
7844 9119 9135 9137 9153 10428 
7844 9119 9135 9137 9153 10428 
7844 9119 9135 9137 9153 10428 
7844 9119 9135 9137 9153 10428 
7844 9119 9135 9137 9153 10428 
7844 9119 9135 9137 9153 10428 
15559 16834 16850 16852 16868 18143 
15559 16834 16850 16852 16868 18143 
15559 16834 16850 16852 16868 18143 
15559 16834 16850 16852 16868 18143 
15559 16834 16850 16852 16868 18143 
15559 16834 16850 16852 16868 18143 
16850 18125 18141 18143 18159 19434 
16850 18125 18141 18143 18159 19434 
16850 18125 18141 18143 18159 19434 
16850 18125 18141 18143 18159 19434 
16850 18125 18141 18143 18159 19434 
16850 18125 18141 18143 18159 19434 
11681 12956 12972 12974 12990 14265 
11681 12956 12972 12974 12990 14265 
11681 12956 12972 12974 12990 14265 
11681 12956 12972 12974 12990 14265 
11681 12956 12972 12974 12990 14265 
11681 12956 12972 12974 12990 14265 
6548 7823 7839 7841 7857 9132 
6548 7823 7839 7841 7857 9132 
6548 7823 7839 7841 7857 9132 
6548 7823 7839 7841 7857 9132 
6548 7823 7839 7841 7857 9132 
6548 7823 7839 7841 7857 9132 
11683 12958 12974 12976 12992 14267 
11683 12958 12974 12976 12992 14267 
11683 12958 12974 12976 12992 14267 
11683 12958 12974 12976 12992 14267 
11683 12958 12974 12976 12992 14267 
11683 12958 12974 12976 12992 14267 
15596 16871 16887 16889 16905 18180 
15596 16871 16887 16889 16905 18180 
15596 16871 16887 16889 16905 18180 
15596 16871 16887 16889 16905 18180 
15596 16871 16887 16889 16905 18180 
15596 16871 16887 16889 16905 18180 
11721 12996 13012 13014 13030 14305 
11721 12996 13012 13014 13030 14305 
11721 12996 13012 13014 13030 14305 
11721 12996 13012 13014 13030 14305 
11721 12996 13012 13014 13030 14305 
11721 12996 13012 13014 13030 14305 
18160 19435 19451 19453 19469 20744 
18160 19435 19451 19453 19469 20744 
18160 19435 19451 19453 19469 20744 
18160 19435 19451 19453 19469 20744 
18160 19435 19451 19453 19469 20744 
18160 19435 19451 19453 19469 20744 
7838 9113 9131 9147 10422 
7838 9113 9131 9147 10422 
7838 9113 9131 9147 10422 
7838 9113 9131 9147 10422 
7838 9113 9131 9147 10422 
6551 7826 7842 7844 7860 9135 
6551 7826 7842 7844 7860 9135 
6551 7826 7842 7844 7860 9135 
6551 7826 7842 7844 7860 9135 
6551 7826 7842 7844 7860 9135 
6551 7826 7842 7844 7860 9135 
10429 11704 11720 11722 11738 13013 
10429 11704 11720 11722 11738 13013 
10429 11704 11720 11722 11738 13013 
10429 11704 11720 11722 11738 13013 
10429 11704 11720 11722 11738 13013 
10429 11704 11720 11722 11738 13013 
15578 16853 16869 16871 16887 18162 
15578 16853 16869 16871 16887 18162 
15578 16853 16869 16871 16887 18162 
15578 16853 16869 16871 16887 18162 
15578 16853 16869 16871 16887 18162 
15578 16853 16869 16871 16887 18162 
9118 10393 10409 10411 10427 11702 
9118 10393 10409 10411 10427 11702 
9118 10393 10409 10411 10427 11702 
9118 10393 10409 10411 10427 11702 
9118 10393 10409 10411 10427 11702 
9118 10393 10409 10411 10427 11702 
13013 14288 14304 14306 14322 15597 
13013 14288 14304 14306 14322 15597 
13013 14288 14304 14306 14322 15597 
13013 14288 14304 14306 14322 15597 
13013 14288 14304 14306 14322 15597 
13013 14288 14304 14306 14322 15597 
9137 10412 10428 10430 10446 11721 
9137 10412 10428 10430 10446 11721 
9137 10412 10428 10430 10446 11721 
9137 10412 10428 10430 10446 11721 
9137 10412 10428 10430 10446 11721 
9137 10412 10428 10430 10446 11721 
7824 9099 9115 9117 9133 10408 
7824 9099 9115 9117 9133 10408 
7824 9099 9115 9117 9133 10408 
7824 9099 9115 9117 9133 10408 
7824 9099 9115 9117 9133 10408 
7824 9099 9115 9117 9133 10408 
12976 14251 14267 14269 14285 15560 
12976 14251 14267 14269 14285 15560 
12976 14251 14267 14269 14285 15560 
12976 14251 14267 14269 14285 15560 
12976 14251 14267 14269 14285 15560 
12976 14251 14267 14269 14285 15560 
14268 15543 15559 15561 15577 16852 
14268 15543 15559 15561 15577 16852 
14268 15543 15559 15561 15577 16852 
14268 15543 15559 15561 15577 16852 
14268 15543 15559 15561 15577 16852 
14268 15543 15559 15561 15577 16852 
6547 7822 7838 7840 7856 9131 
6547 7822 7838 7840 7856 9131 
6547 7822 7838 7840 7856 9131 
6547 7822 7838 7840 7856 9131 
6547 7822 7838 7840 7856 9131 
6547 7822 7838 7840 7856 9131 
7823 9098 9114 9116 9132 10407 
7823 9098 9114 9116 9132 10407 
7823 9098 9114 9116 9132 10407 
7823 9098 9114 9116 9132 10407 
7823 9098 9114 9116 9132 10407 
7823 9098 9114 9116 9132 10407 
11703 12978 12994 12996 13012 14287 
11703 12978 12994 12996 13012 14287 
11703 12978 12994 12996 13012 14287 
11703 12978 12994 12996 13012 14287 
11703 12978 12994 12996 13012 14287 
11703 12978 12994 12996 13012 14287 
9113 10388 10406 10422 11697 
9113 10388 10406 10422 11697 
9113 10388 10406 10422 11697 
9113 10388 10406 10422 11697 
9113 10388 10406 10422 11697 
10390 11665 11681 11683 11699 12974 
10390 11665 11681 11683 11699 12974 
10390 11665 11681 11683 11699 12974 
10390 11665 11681 11683 11699 12974 
10390 11665 11681 11683 11699 12974 
10390 11665 11681 11683 11699 12974 
11680 12955 12973 12989 14264 
11680 12955 12973 12989 14264 
11680 12955 12973 12989 14264 
11680 12955 12973 12989 14264 
11680 12955 12973 12989 14264 
7825 9100 9116 9118 9134 10409 
7825 9100 9116 9118 9134 10409 
7825 9100 9116 9118 9134 10409 
7825 9100 9116 9118 9134 10409 
7825 9100 9116 9118 9134 10409 
7825 9100 9116 9118 9134 10409 
12995 14270 14286 14288 14304 15579 
12995 14270 14286 14288 14304 15579 
12995 14270 14286 14288 14304 15579 
12995 14270 14286 14288 14304 15579 
12995 14270 14286 14288 14304 15579 
12995 14270 14286 14288 14304 15579 
11684 12959 12975 12977 12993 14268 
11684 12959 12975 12977 12993 14268 
11684 12959 12975 12977 12993 14268 
11684 12959 12975 12977 12993 14268 
11684 12959 12975 12977 12993 14268 
11684 12959 12975 12977 12993 14268 
19469 20744 20760 20762 20778 22053 
19469 20744 20760 20762 20778 22053 
19469 20744 20760 20762 20778 22053 
19469 20744 20760 20762 20778 22053 
19469 20744 20760 20762 20778 22053 
19469 20744 20760 20762 20778 22053 
10391 11666 11682 11684 11700 12975 
10391 11666 11682 11684 11700 12975 
10391 11666 11682 11684 11700 12975 
10391 11666 11682 11684 11700 12975 
10391 11666 11682 11684 11700 12975 
10391 11666 11682 11684 11700 12975 
6552 7827 7843 7845 7861 9136 
6552 7827 7843 7845 7861 9136 
6552 7827 7843 7845 7861 9136 
6552 7827 7843 7845 7861 9136 
6552 7827 7843 7845 7861 9136 
6552 7827 7843 7845 7861 9136 
10411 11686 11702 11704 11720 12995 
10411 11686 11702 11704 11720 12995 
10411 11686 11702 11704 11720 12995 
10411 11686 11702 11704 11720 12995 
10411 11686 11702 11704 11720 12995 
10411 11686 11702 11704 11720 12995 
10389 11664 11680 11682 11698 12973 
10389 11664 11680 11682 11698 12973 
10389 11664 11680 11682 11698 12973 
10389 11664 11680 11682 11698 12973 
10389 11664 11680 11682 11698 12973 
10389 11664 11680 11682 11698 12973 
16851 18126 18142 18144 18160 19435 
16851 18126 18142 18144 18160 19435 
16851 18126 18142 18144 18160 19435 
16851 18126 18142 18144 18160 19435 
16851 18126 18142 18144 18160 19435 
16851 18126 18142 18144 18160 19435 
7845 9120 9136 9138 9154 10429 
7845 9120 9136 9138 9154 10429 
7845 9120 9136 9138 9154 10429 
7845 9120 9136 9138 9154 10429 
7845 9120 9136 9138 9154 10429 
7845 9120 9136 9138 9154 10429 
14305 15580 15596 15598 15614 16889 
14305 15580 15596 15598 15614 16889 
14305 15580 15596 15598 15614 16889 
14305 15580 15596 15598 15614 16889 
14305 15580 15596 15598 15614 16889 
14305 15580 15596 15598 15614 16889 
5258 6533 6549 6551 6567 7842 
5258 6533 6549 6551 6567 7842 
5258 6533 6549 6551 6567 7842 
5258 6533 6549 6551 6567 7842 
5258 6533 6549 6551 6567 7842 
5258 6533 6549 6551 6567 7842 
5257 6532 6548 6550 6566 7841 
5257 6532 6548 6550 6566 7841 
5257 6532 6548 6550 6566 7841 
5257 6532 6548 6550 6566 7841 
5257 6532 6548 6550 6566 7841 
5257 6532 6548 6550 6566 7841 
5274 6549 6565 6567 6583 7858 
5274 6549 6565 6567 6583 7858 
5274 6549 6565 6567 6583 7858 
5274 6549 6565 6567 6583 7858 
5274 6549 6565 6567 6583 7858 
5274 6549 6565 6567 6583 7858 
5291 6566 6582 6584 6600 7875 
5291 6566 6582 6584 6600 7875 
5291 6566 6582 6584 6600 7875 
5291 6566 6582 6584 6600 7875 
5291 6566 6582 6584 6600 7875 
5291 6566 6582 6584 6600 7875 
5273 6548 6564 6566 6582 7857 
5273 6548 6564 6566 6582 7857 
5273 6548 6564 6566 6582 7857 
5273 6548 6564 6566 6582 7857 
5273 6548 6564 6566 6582 7857 
5273 6548 6564 6566 6582 7857 
3999 5274 5290 5292 5308 6583 
3999 5274 5290 5292 5308 6583 
3999 5274 5290 5292 5308 6583 
3999 5274 5290 5292 5308 6583 
3999 5274 5290 5292 5308 6583 
3999 5274 5290 5292 5308 6583 
4016 5291 5307 5309 5325 6600 
4016 5291 5307 5309 5325 6600 
4016 5291 5307 5309 5325 6600 
4016 5291 5307 5309 5325 6600 
4016 5291 5307 5309 5325 6600 
4016 5291 5307 5309 5325 6600 
5308 6583 6599 6601 6617 7892 
5308 6583 6599 6601 6617 7892 
5308 6583 6599 6601 6617 7892 
5308 6583 6599 6601 6617 7892 
5308 6583 6599 6601 6617 7892 
5308 6583 6599 6601 6617 7892 
5290 6565 6581 6583 6599 7874 
5290 6565 6581 6583 6599 7874 
5290 6565 6581 6583 6599 7874 
5290 6565 6581 6583 6599 7874 
5290 6565 6581 6583 6599 7874 
5290 6565 6581 6583 6599 7874 
4033 5308 5324 5326 5342 6617 
4033 5308 5324 5326 5342 6617 
4033 5308 5324 5326 5342 6617 
4033 5308 5324 5326 5342 6617 
4033 5308 5324 5326 5342 6617 
4033 5308 5324 5326 5342 6617 
3998 5273 5289 5291 5307 6582 
3998 5273 5289 5291 5307 6582 
3998 5273 5289 5291 5307 6582 
3998 5273 5289 5291 5307 6582 
3998 5273 5289 5291 5307 6582 
3998 5273 5289 5291 5307 6582 
4015 5290 5306 5308 5324 6599 
4015 5290 5306 5308 5324 6599 
4015 5290 5306 5308 5324 6599 
4015 5290 5306 5308 5324 6599 
4015 5290 5306 5308 5324 6599 
4015 5290 5306 5308 5324 6599 
5272 6547 6563 6565 6581 7856 
5272 6547 6563 6565 6581 7856 
5272 6547 6563 6565 6581 7856 
5272 6547 6563 6565 6581 7856 
5272 6547 6563 6565 6581 7856 
5272 6547 6563 6565 6581 7856 
5325 6600 6616 6618 6634 7909 
5325 6600 6616 6618 6634 7909 
5325 6600 6616 6618 6634 7909 
5325 6600 6616 6618 6634 7909 
5325 6600 6616 6618 6634 7909 
5325 6600 6616 6618 6634 7909 
4050 5325 5341 5343 5359 6634 
4050 5325 5341 5343 5359 6634 
4050 5325 5341 5343 5359 6634 
4050 5325 5341 5343 5359 6634 
4050 5325 5341 5343 5359 6634 
4050 5325 5341 5343 5359 6634 
2741 4016 4032 4034 4050 5325 
2741 4016 4032 4034 4050 5325 
2741 4016 4032 4034 4050 5325 
2741 4016 4032 4034 4050 5325 
2741 4016 4032 4034 4050 5325 
2741 4016 4032 4034 4050 5325 
5307 6582 6598 6600 6616 7891 
5307 6582 6598 6600 6616 7891 
5307 6582 6598 6600 6616 7891 
5307 6582 6598 6600 6616 7891 
5307 6582 6598 6600 6616 7891 
5307 6582 6598 6600 6616 7891 
2724 3999 4015 4017 4033 5308 
2724 3999 4015 4017 4033 5308 
2724 3999 4015 4017 4033 5308 
2724 3999 4015 4017 4033 5308 
2724 3999 4015 4017 4033 5308 
2724 3999 4015 4017 4033 5308 
2758 4033 4049 4051 4067 5342 
2758 4033 4049 4051 4067 5342 
2758 4033 4049 4051 4067 5342 
2758 4033 4049 4051 4067 5342 
2758 4033 4049 4051 4067 5342 
2758 4033 4049 4051 4067 5342 
4032 5307 5323 5325 5341 6616 
4032 5307 5323 5325 5341 6616 
4032 5307 5323 5325 5341 6616 
4032 5307 5323 5325 5341 6616 
4032 5307 5323 5325 5341 6616 
4032 5307 5323 5325 5341 6616 
3982 5257 5273 5275 5291 6566 
3982 5257 5273 5275 5291 6566 
3982 5257 5273 5275 5291 6566 
3982 5257 5273 5275 5291 6566 
3982 5257 5273 5275 5291 6566 
3982 5257 5273 5275 5291 6566 
5289 6564 6580 6582 6598 7873 
5289 6564 6580 6582 6598 7873 
5289 6564 6580 6582 6598 7873 
5289 6564 6580 6582 6598 7873 
5289 6564 6580 6582 6598 7873 
5289 6564 6580 6582 6598 7873 
2775 4050 4066 4068 4084 5359 
2775 4050 4066 4068 4084 5359 
2775 4050 4066 4068 4084 5359 
2775 4050 4066 4068 4084 5359 
2775 4050 4066 4068 4084 5359 
2775 4050 4066 4068 4084 5359 
4067 5342 5358 5360 5376 6651 
4067 5342 5358 5360 5376 6651 
4067 5342 5358 5360 5376 6651 
4067 5342 5358 5360 5376 6651 
4067 5342 5358 5360 5376 6651 
4067 5342 5358 5360 5376 6651 
5342 6617 6633 6635 6651 7926 
5342 6617 6633 6635 6651 7926 
5342 6617 6633 6635 6651 7926 
5342 6617 6633 6635 6651 7926 
5342 6617 6633 6635 6651 7926 
5342 6617 6633 6635 6651 7926 
5324 6599 6615 6617 6633 7908 
5324 6599 6615 6617 6633 7908 
5324 6599 6615 6617 6633 7908 
5324 6599 6615 6617 6633 7908 
5324 6599 6615 6617 6633 7908 
5324 6599 6615 6617 6633 7908 
7822 9097 9113 9115 9131 10406 
7822 9097 9113 9115 9131 10406 
7822 9097 9113 9115 9131 10406 
7822 9097 9113 9115 9131 10406 
7822 9097 9113 9115 9131 10406 
7822 9097 9113 9115 9131 10406 
14287 15562 15578 15580 15596 16871 
14287 15562 15578 15580 15596 16871 
14287 15562 15578 15580 15596 16871 
14287 15562 15578 15580 15596 16871 
14287 15562 15578 15580 15596 16871 
14287 15562 15578 15580 15596 16871 
19450 20725 20741 20743 20759 22034 
19450 20725 20741 20743 20759 22034 
19450 20725 20741 20743 20759 22034 
19450 20725 20741 20743 20759 22034 
19450 20725 20741 20743 20759 22034 
19450 20725 20741 20743 20759 22034 
2740 4015 4031 4033 4049 5324 
2740 4015 4031 4033 4049 5324 
2740 4015 4031 4033 4049 5324 
2740 4015 4031 4033 4049 5324 
2740 4015 4031 4033 4049 5324 
2740 4015 4031 4033 4049 5324 
15560 16835 16851 16853 16869 18144 
15560 16835 16851 16853 16869 18144 
15560 16835 16851 16853 16869 18144 
15560 16835 16851 16853 16869 18144 
15560 16835 16851 16853 16869 18144 
15560 16835 16851 16853 16869 18144 
4049 5324 5340 5342 5358 6633 
4049 5324 5340 5342 5358 6633 
4049 5324 5340 5342 5358 6633 
4049 5324 5340 5342 5358 6633 
4049 5324 5340 5342 5358 6633 
4049 5324 5340 5342 5358 6633 
7826 9101 9117 9119 9135 10410 
7826 9101 9117 9119 9135 10410 
7826 9101 9117 9119 9135 10410 
7826 9101 9117 9119 9135 10410 
7826 9101 9117 9119 9135 10410 
7826 9101 9117 9119 9135 10410 
2723 3998 4014 4016 4032 5307 
2723 3998 4014 4016 4032 5307 
2723 3998 4014 4016 4032 5307 
2723 3998 4014 4016 4032 5307 
2723 3998 4014 4016 4032 5307 
2723 3998 4014 4016 4032 5307 
3997 5272 5288 5290 5306 6581 
3997 5272 5288 5290 5306 6581 
3997 5272 5288 5290 5306 6581 
3997 5272 5288 5290 5306 6581 
3997 5272 5288 5290 5306 6581 
3997 5272 5288 5290 5306 6581 
2707 3982 3998 4000 4016 5291 
2707 3982 3998 4000 4016 5291 
2707 3982 3998 4000 4016 5291 
2707 3982 3998 4000 4016 5291 
2707 3982 3998 4000 4016 5291 
2707 3982 3998 4000 4016 5291 
18141 19416 19432 19434 19450 20725 
18141 19416 19432 19434 19450 20725 
18141 19416 19432 19434 19450 20725 
18141 19416 19432 19434 19450 20725 
18141 19416 19432 19434 19450 20725 
18141 19416 19432 19434 19450 20725 
10392 11667 11683 11685 11701 12976 
10392 11667 11683 11685 11701 12976 
10392 11667 11683 11685 11701 12976 
10392 11667 11683 11685 11701 12976 
10392 11667 11683 11685 11701 12976 
10392 11667 11683 11685 11701 12976 
3981 5256 5272 5274 5290 6565 
3981 5256 5272 5274 5290 6565 
3981 5256 5272 5274 5290 6565 
3981 5256 5272 5274 5290 6565 
3981 5256 5272 5274 5290 6565 
3981 5256 5272 5274 5290 6565 
4014 5289 5305 5307 5323 6598 
4014 5289 5305 5307 5323 6598 
4014 5289 5305 5307 5323 6598 
4014 5289 5305 5307 5323 6598 
4014 5289 5305 5307 5323 6598 
4014 5289 5305 5307 5323 6598 
9119 10394 10410 10412 10428 11703 
9119 10394 10410 10412 10428 11703 
9119 10394 10410 10412 10428 11703 
9119 10394 10410 10412 10428 11703 
9119 10394 10410 10412 10428 11703 
9119 10394 10410 10412 10428 11703 
5259 6534 6550 6552 6568 7843 
5259 6534 6550 6552 6568 7843 
5259 6534 6550 6552 6568 7843 
5259 6534 6550 6552 6568 7843 
5259 6534 6550 6552 6568 7843 
5259 6534 6550 6552 6568 7843 
18179 19454 19470 19472 19488 20763 
18179 19454 19470 19472 19488 20763 
18179 19454 19470 19472 19488 20763 
18179 19454 19470 19472 19488 20763 
18179 19454 19470 19472 19488 20763 
18179 19454 19470 19472 19488 20763 
2757 4032 4048 4050 4066 5341 
2757 4032 4048 4050 4066 5341 
2757 4032 4048 4050 4066 5341 
2757 4032 4048 4050 4066 5341 
2757 4032 4048 4050 4066 5341 
2757 4032 4048 4050 4066 5341 
16888 18163 18179 18181 18197 19472 
16888 18163 18179 18181 18197 19472 
16888 18163 18179 18181 18197 19472 
16888 18163 18179 18181 18197 19472 
16888 18163 18179 18181 18197 19472 
16888 18163 18179 18181 18197 19472 
1466 2741 2757 2759 2775 4050 
1466 2741 2757 2759 2775 4050 
1466 2741 2757 2759 2775 4050 
1466 2741 2757 2759 2775 4050 
1466 2741 2757 2759 2775 4050 
1466 2741 2757 2759 2775 4050 
2792 4067 4083 4085 4101 5376 
2792 4067 4083 4085 4101 5376 
2792 4067 4083 4085 4101 5376 
2792 4067 4083 4085 4101 5376 
2792 4067 4083 4085 4101 5376 
2792 4067 4083 4085 4101 5376 
5306 6581 6597 6599 6615 7890 
5306 6581 6597 6599 6615 7890 
5306 6581 6597 6599 6615 7890 
5306 6581 6597 6599 6615 7890 
5306 6581 6597 6599 6615 7890 
5306 6581 6597 6599 6615 7890 
16870 18145 18161 18163 18179 19454 
16870 18145 18161 18163 18179 19454 
16870 18145 18161 18163 18179 19454 
16870 18145 18161 18163 18179 19454 
16870 18145 18161 18163 18179 19454 
16870 18145 18161 18163 18179 19454 
5256 6531 6547 6549 6565 7840 
5256 6531 6547 6549 6565 7840 
5256 6531 6547 6549 6565 7840 
5256 6531 6547 6549 6565 7840 
5256 6531 6547 6549 6565 7840 
5256 6531 6547 6549 6565 7840 
1483 2758 2774 2776 2792 4067 
1483 2758 2774 2776 2792 4067 
1483 2758 2774 2776 2792 4067 
1483 2758 2774 2776 2792 4067 
1483 2758 2774 2776 2792 4067 
1483 2758 2774 2776 2792 4067 
4015 5290 5306 5308 5324 6599 
4015 5290 5306 5308 5324 6599 
4015 5290 5306 5308 5324 6599 
4015 5290 5306 5308 5324 6599 
4015 5290 5306 5308 5324 6599 
4015 5290 5306 5308 5324 6599 
5271 6546 6564 6580 7855 
5271 6546 6564 6580 7855 
5271 6546 6564 6580 7855 
5271 6546 6564 6580 7855 
5271 6546 6564 6580 7855 
1449 2724 2740 2742 2758 4033 
1449 2724 2740 2742 2758 4033 
1449 2724 2740 2742 2758 4033 
1449 2724 2740 2742 2758 4033 
1449 2724 2740 2742 2758 4033 
1449 2724 2740 2742 2758 4033 
19449 20724 20742 20758 22033 
19449 20724 20742 20758 22033 
19449 20724 20742 20758 22033 
19449 20724 20742 20758 22033 
19449 20724 20742 20758 22033 
4084 5359 5375 5377 5393 6668 
4084 5359 5375 5377 5393 6668 
4084 5359 5375 5377 5393 6668 
4084 5359 5375 5377 5393 6668 
4084 5359 5375 5377 5393 6668 
4084 5359 5375 5377 5393 6668 
18161 19436 19452 19454 19470 20745 
18161 19436 19452 19454 19470 20745 
18161 19436 19452 19454 19470 20745 
18161 19436 19452 19454 19470 20745 
18161 19436 19452 19454 19470 20745 
18161 19436 19452 19454 19470 20745 
5359 6634 6650 6652 6668 7943 
5359 6634 6650 6652 6668 7943 
5359 6634 6650 6652 6668 7943 
5359 6634 6650 6652 6668 7943 
5359 6634 6650 6652 6668 7943 
5359 6634 6650 6652 6668 7943 
19451 20726 20742 20744 20760 22035 
19451 20726 20742 20744 20760 22035 
19451 20726 20742 20744 20760 22035 
19451 20726 20742 20744 20760 22035 
19451 20726 20742 20744 20760 22035 
19451 20726 20742 20744 20760 22035 
6546 7821 7839 7855 9130 
6546 7821 7839 7855 9130 
6546 7821 7839 7855 9130 
6546 7821 7839 7855 9130 
6546 7821 7839 7855 9130 
18140 19415 19433 19449 20724 
18140 19415 19433 19449 20724 
18140 19415 19433 19449 20724 
18140 19415 19433 19449 20724 
18140 19415 19433 19449 20724 
5290 6565 6581 6583 6599 7874 
5290 6565 6581 6583 6599 7874 
5290 6565 6581 6583 6599 7874 
5290 6565 6581 6583 6599 7874 
5290 6565 6581 6583 6599 7874 
5290 6565 6581 6583 6599 7874 
12977 14252 14268 14270 14286 15561 
12977 14252 14268 14270 14286 15561 
12977 14252 14268 14270 14286 15561 
12977 14252 14268 14270 14286 15561 
12977 14252 14268 14270 14286 15561 
12977 14252 14268 14270 14286 15561 
5341 6616 6632 6634 6650 7925 
5341 6616 6632 6634 6650 7925 
5341 6616 6632 6634 6650 7925 
5341 6616 6632 6634 6650 7925 
5341 6616 6632 6634 6650 7925 
5341 6616 6632 6634 6650 7925 
4032 5307 5323 5325 5341 6616 
4032 5307 5323 5325 5341 6616 
4032 5307 5323 5325 5341 6616 
4032 5307 5323 5325 5341 6616 
4032 5307 5323 5325 5341 6616 
4032 5307 5323 5325 5341 6616 
4031 5306 5322 5324 5340 6615 
4031 5306 5322 5324 5340 6615 
4031 5306 5322 5324 5340 6615 
4031 5306 5322 5324 5340 6615 
4031 5306 5322 5324 5340 6615 
4031 5306 5322 5324 5340 6615 
5307 6582 6598 6600 6616 7891 
5307 6582 6598 6600 6616 7891 
5307 6582 6598 6600 6616 7891 
5307 6582 6598 6600 6616 7891 
5307 6582 6598 6600 6616 7891 
5307 6582 6598 6600 6616 7891 
10430 11705 11721 11723 11739 13014 
10430 11705 11721 11723 11739 13014 
10430 11705 11721 11723 11739 13014 
10430 11705 11721 11723 11739 13014 
10430 11705 11721 11723 11739 13014 
10430 11705 11721 11723 11739 13014 
18142 19417 19433 19435 19451 20726 
18142 19417 19433 19435 19451 20726 
18142 19417 19433 19435 19451 20726 
18142 19417 19433 19435 19451 20726 
18142 19417 19433 19435 19451 20726 
18142 19417 19433 19435 19451 20726 
9099 10374 10390 10392 10408 11683 
9099 10374 10390 10392 10408 11683 
9099 10374 10390 10392 10408 11683 
9099 10374 10390 10392 10408 11683 
9099 10374 10390 10392 10408 11683 
9099 10374 10390 10392 10408 11683 
3998 5273 5289 5291 5307 6582 
3998 5273 5289 5291 5307 6582 
3998 5273 5289 5291 5307 6582 
3998 5273 5289 5291 5307 6582 
3998 5273 5289 5291 5307 6582 
3998 5273 5289 5291 5307 6582 
9098 10373 10389 10391 10407 11682 
9098 10373 10389 10391 10407 11682 
9098 10373 10389 10391 10407 11682 
9098 10373 10389 10391 10407 11682 
9098 10373 10389 10391 10407 11682 
9098 10373 10389 10391 10407 11682 
11685 12960 12976 12978 12994 14269 
11685 12960 12976 12978 12994 14269 
11685 12960 12976 12978 12994 14269 
11685 12960 12976 12978 12994 14269 
11685 12960 12976 12978 12994 14269 
11685 12960 12976 12978 12994 14269 
4066 5341 5357 5359 5375 6650 
4066 5341 5357 5359 5375 6650 
4066 5341 5357 5359 5375 6650 
4066 5341 5357 5359 5375 6650 
4066 5341 5357 5359 5375 6650 
4066 5341 5357 5359 5375 6650 
6553 7828 7844 7846 7862 9137 
6553 7828 7844 7846 7862 9137 
6553 7828 7844 7846 7862 9137 
6553 7828 7844 7846 7862 9137 
6553 7828 7844 7846 7862 9137 
6553 7828 7844 7846 7862 9137 
1500 2775 2791 2793 2809 4084 
1500 2775 2791 2793 2809 4084 
1500 2775 2791 2793 2809 4084 
1500 2775 2791 2793 2809 4084 
1500 2775 2791 2793 2809 4084 
1500 2775 2791 2793 2809 4084 
10388 11663 11681 11697 12972 
10388 11663 11681 11697 12972 
10388 11663 11681 11697 12972 
10388 11663 11681 11697 12972 
10388 11663 11681 11697 12972 
2706 3981 3997 3999 4015 5290 
2706 3981 3997 3999 4015 5290 
2706 3981 3997 3999 4015 5290 
2706 3981 3997 3999 4015 5290 
2706 3981 3997 3999 4015 5290 
2706 3981 3997 3999 4015 5290 
2774 4049 4065 4067 4083 5358 
2774 4049 4065 4067 4083 5358 
2774 4049 4065 4067 4083 5358 
2774 4049 4065 4067 4083 5358 
2774 4049 4065 4067 4083 5358 
2774 4049 4065 4067 4083 5358 
6532 7807 7823 7825 7841 9116 
6532 7807 7823 7825 7841 9116 
6532 7807 7823 7825 7841 9116 
6532 7807 7823 7825 7841 9116 
6532 7807 7823 7825 7841 9116 
6532 7807 7823 7825 7841 9116 
11722 12997 13013 13015 13031 14306 
11722 12997 13013 13015 13031 14306 
11722 12997 13013 13015 13031 14306 
11722 12997 13013 13015 13031 14306 
11722 12997 13013 13015 13031 14306 
11722 12997 13013 13015 13031 14306 
6533 7808 7824 7826 7842 9117 
6533 7808 7824 7826 7842 9117 
6533 7808 7824 7826 7842 9117 
6533 7808 7824 7826 7842 9117 
6533 7808 7824 7826 7842 9117 
6533 7808 7824 7826 7842 9117 
9138 10413 10429 10431 10447 11722 
9138 10413 10429 10431 10447 11722 
9138 10413 10429 10431 10447 11722 
9138 10413 10429 10431 10447 11722 
9138 10413 10429 10431 10447 11722 
9138 10413 10429 10431 10447 11722 
5260 6535 6551 6553 6569 7844 
5260 6535 6551 6553 6569 7844 
5260 6535 6551 6553 6569 7844 
5260 6535 6551 6553 6569 7844 
5260 6535 6551 6553 6569 7844 
5260 6535 6551 6553 6569 7844 
14269 15544 15560 15562 15578 16853 
14269 15544 15560 15562 15578 16853 
14269 15544 15560 15562 15578 16853 
14269 15544 15560 15562 15578 16853 
14269 15544 15560 15562 15578 16853 
14269 15544 15560 15562 15578 16853 
15597 16872 16888 16890 16906 18181 
15597 16872 16888 16890 16906 18181 
15597 16872 16888 16890 16906 18181 
15597 16872 16888 16890 16906 18181 
15597 16872 16888 16890 16906 18181 
15597 16872 16888 16890 16906 18181 
2809 4084 4100 4102 4118 5393 
2809 4084 4100 4102 4118 5393 
2809 4084 4100 4102 4118 5393 
2809 4084 4100 4102 4118 5393 
2809 4084 4100 4102 4118 5393 
2809 4084 4100 4102 4118 5393 
15579 16854 16870 16872 16888 18163 
15579 16854 16870 16872 16888 18163 
15579 16854 16870 16872 16888 18163 
15579 16854 16870 16872 16888 18163 
15579 16854 16870 16872 16888 18163 
15579 16854 16870 16872 16888 18163 
14248 15523 15539 15541 15557 16832 
14248 15523 15539 15541 15557 16832 
14248 15523 15539 15541 15557 16832 
14248 15523 15539 15541 15557 16832 
14248 15523 15539 15541 15557 16832 
14248 15523 15539 15541 15557 16832 
6531 7806 7822 7824 7840 9115 
6531 7806 7822 7824 7840 9115 
6531 7806 7822 7824 7840 9115 
6531 7806 7822 7824 7840 9115 
6531 7806 7822 7824 7840 9115 
6531 7806 7822 7824 7840 9115 
5323 6598 6614 6616 6632 7907 
5323 6598 6614 6616 6632 7907 
5323 6598 6614 6616 6632 7907 
5323 6598 6614 6616 6632 7907 
5323 6598 6614 6616 6632 7907 
5323 6598 6614 6616 6632 7907 
1432 2707 2723 2725 2741 4016 
1432 2707 2723 2725 2741 4016 
1432 2707 2723 2725 2741 4016 
1432 2707 2723 2725 2741 4016 
1432 2707 2723 2725 2741 4016 
1432 2707 2723 2725 2741 4016 
14249 15524 15540 15542 15558 16833 
14249 15524 15540 15542 15558 16833 
14249 15524 15540 15542 15558 16833 
14249 15524 15540 15542 15558 16833 
14249 15524 15540 15542 15558 16833 
14249 15524 15540 15542 15558 16833 
7827 9102 9118 9120 9136 10411 
7827 9102 9118 9120 9136 10411 
7827 9102 9118 9120 9136 10411 
7827 9102 9118 9120 9136 10411 
7827 9102 9118 9120 9136 10411 
7827 9102 9118 9120 9136 10411 
5324 6599 6615 6617 6633 7908 
5324 6599 6615 6617 6633 7908 
5324 6599 6615 6617 6633 7908 
5324 6599 6615 6617 6633 7908 
5324 6599 6615 6617 6633 7908 
5324 6599 6615 6617 6633 7908 
7821 9096 9114 9130 10405 
7821 9096 9114 9130 10405 
7821 9096 9114 9130 10405 
7821 9096 9114 9130 10405 
7821 9096 9114 9130 10405 
4049 5324 5340 5342 5358 6633 
4049 5324 5340 5342 5358 6633 
4049 5324 5340 5342 5358 6633 
4049 5324 5340 5342 5358 6633 
4049 5324 5340 5342 5358 6633 
4049 5324 5340 5342 5358 6633 
5288 6563 6581 6597 7872 
5288 6563 6581 6597 7872 
5288 6563 6581 6597 7872 
5288 6563 6581 6597 7872 
5288 6563 6581 6597 7872 
9100 10375 10391 10393 10409 11684 
9100 10375 10391 10393 10409 11684 
9100 10375 10391 10393 10409 11684 
9100 10375 10391 10393 10409 11684 
9100 10375 10391 10393 10409 11684 
9100 10375 10391 10393 10409 11684 
2740 4015 4031 4033 4049 5324 
2740 4015 4031 4033 4049 5324 
2740 4015 4031 4033 4049 5324 
2740 4015 4031 4033 4049 5324 
2740 4015 4031 4033 4049 5324 
2740 4015 4031 4033 4049 5324 
19470 20745 20761 20763 20779 22054 
19470 20745 20761 20763 20779 22054 
19470 20745 20761 20763 20779 22054 
19470 20745 20761 20763 20779 22054 
19470 20745 20761 20763 20779 22054 
19470 20745 20761 20763 20779 22054 
3980 5255 5271 5273 5289 6564 
3980 5255 5271 5273 5289 6564 
3980 5255 5271 5273 5289 6564 
3980 5255 5271 5273 5289 6564 
3980 5255 5271 5273 5289 6564 
3980 5255 5271 5273 5289 6564 
10393 11668 11684 11686 11702 12977 
10393 11668 11684 11686 11702 12977 
10393 11668 11684 11686 11702 12977 
10393 11668 11684 11686 11702 12977 
10393 11668 11684 11686 11702 12977 
10393 11668 11684 11686 11702 12977 
11704 12979 12995 12997 13013 14288 
11704 12979 12995 12997 13013 14288 
11704 12979 12995 12997 13013 14288 
11704 12979 12995 12997 13013 14288 
11704 12979 12995 12997 13013 14288 
11704 12979 12995 12997 13013 14288 
1465 2740 2756 2758 2774 4049 
1465 2740 2756 2758 2774 4049 
1465 2740 2756 2758 2774 4049 
1465 2740 2756 2758 2774 4049 
1465 2740 2756 2758 2774 4049 
1465 2740 2756 2758 2774 4049 
9097 10372 10388 10390 10406 11681 
9097 10372 10388 10390 10406 11681 
9097 10372 10388 10390 10406 11681 
9097 10372 10388 10390 10406 11681 
9097 10372 10388 10390 10406 11681 
9097 10372 10388 10390 10406 11681 
2722 3997 4013 4015 4031 5306 
2722 3997 4013 4015 4031 5306 
2722 3997 4013 4015 4031 5306 
2722 3997 4013 4015 4031 5306 
2722 3997 4013 4015 4031 5306 
2722 3997 4013 4015 4031 5306 
2739 4014 4030 4032 4048 5323 
2739 4014 4030 4032 4048 5323 
2739 4014 4030 4032 4048 5323 
2739 4014 4030 4032 4048 5323 
2739 4014 4030 4032 4048 5323 
2739 4014 4030 4032 4048 5323 
4014 5289 5305 5307 5323 6598 
4014 5289 5305 5307 5323 6598 
4014 5289 5305 5307 5323 6598 
4014 5289 5305 5307 5323 6598 
4014 5289 5305 5307 5323 6598 
4014 5289 5305 5307 5323 6598 
5255 6530 6546 6548 6564 7839 
5255 6530 6546 6548 6564 7839 
5255 6530 6546 6548 6564 7839 
5255 6530 6546 6548 6564 7839 
5255 6530 6546 6548 6564 7839 
5255 6530 6546 6548 6564 7839 
12957 14232 14248 14250 14266 15541 
12957 14232 14248 14250 14266 15541 
12957 14232 14248 14250 14266 15541 
12957 14232 14248 14250 14266 15541 
12957 14232 14248 14250 14266 15541 
12957 14232 14248 14250 14266 15541 
13014 14289 14305 14307 14323 15598 
13014 14289 14305 14307 14323 15598 
13014 14289 14305 14307 14323 15598 
13014 14289 14305 14307 14323 15598 
13014 14289 14305 14307 14323 15598 
13014 14289 14305 14307 14323 15598 
1517 2792 2808 2810 2826 4101 
1517 2792 2808 2810 2826 4101 
1517 2792 2808 2810 2826 4101 
1517 2792 2808 2810 2826 4101 
1517 2792 2808 2810 2826 4101 
1517 2792 2808 2810 2826 4101 
10412 11687 11703 11705 11721 12996 
10412 11687 11703 11705 11721 12996 
10412 11687 11703 11705 11721 12996 
10412 11687 11703 11705 11721 12996 
10412 11687 11703 11705 11721 12996 
10412 11687 11703 11705 11721 12996 
1448 2723 2739 2741 2757 4032 
1448 2723 2739 2741 2757 4032 
1448 2723 2739 2741 2757 4032 
1448 2723 2739 2741 2757 4032 
1448 2723 2739 2741 2757 4032 
1448 2723 2739 2741 2757 4032 
4048 5323 5339 5341 5357 6632 
4048 5323 5339 5341 5357 6632 
4048 5323 5339 5341 5357 6632 
4048 5323 5339 5341 5357 6632 
4048 5323 5339 5341 5357 6632 
4048 5323 5339 5341 5357 6632 
5289 6564 6580 6582 6598 7873 
5289 6564 6580 6582 6598 7873 
5289 6564 6580 6582 6598 7873 
5289 6564 6580 6582 6598 7873 
5289 6564 6580 6582 6598 7873 
5289 6564 6580 6582 6598 7873 
2757 4032 4048 4050 4066 5341 
2757 4032 4048 4050 4066 5341 
2757 4032 4048 4050 4066 5341 
2757 4032 4048 4050 4066 5341 
2757 4032 4048 4050 4066 5341 
2757 4032 4048 4050 4066 5341 
15540 16815 16831 16833 16849 18124 
15540 16815 16831 16833 16849 18124 
15540 16815 16831 16833 16849 18124 
15540 16815 16831 16833 16849 18124 
15540 16815 16831 16833 16849 18124 
15540 16815 16831 16833 16849 18124 
5376 6651 6667 6669 6685 7960 
5376 6651 6667 6669 6685 7960 
5376 6651 6667 6669 6685 7960 
5376 6651 6667 6669 6685 7960 
5376 6651 6667 6669 6685 7960 
5376 6651 6667 6669 6685 7960 
4101 5376 5392 5394 5410 6685 
4101 5376 5392 5394 5410 6685 
4101 5376 5392 5394 5410 6685 
4101 5376 5392 5394 5410 6685 
4101 5376 5392 5394 5410 6685 
4101 5376 5392 5394 5410 6685 
6534 7809 7825 7827 7843 9118 
6534 7809 7825 7827 7843 9118 
6534 7809 7825 7827 7843 9118 
6534 7809 7825 7827 7843 9118 
6534 7809 7825 7827 7843 9118 
6534 7809 7825 7827 7843 9118 
12956 14231 14247 14249 14265 15540 
12956 14231 14247 14249 14265 15540 
12956 14231 14247 14249 14265 15540 
12956 14231 14247 14249 14265 15540 
12956 14231 14247 14249 14265 15540 
12956 14231 14247 14249 14265 15540 
16852 18127 18143 18145 18161 19436 
16852 18127 18143 18145 18161 19436 
16852 18127 18143 18145 18161 19436 
16852 18127 18143 18145 18161 19436 
16852 18127 18143 18145 18161 19436 
16852 18127 18143 18145 18161 19436 
2791 4066 4082 4084 4100 5375 
2791 4066 4082 4084 4100 5375 
2791 4066 4082 4084 4100 5375 
2791 4066 4082 4084 4100 5375 
2791 4066 4082 4084 4100 5375 
2791 4066 4082 4084 4100 5375 
7846 9121 9137 9139 9155 10430 
7846 9121 9137 9139 9155 10430 
7846 9121 9137 9139 9155 10430 
7846 9121 9137 9139 9155 10430 
7846 9121 9137 9139 9155 10430 
7846 9121 9137 9139 9155 10430 
1482 2757 2773 2775 2791 4066 
1482 2757 2773 2775 2791 4066 
1482 2757 2773 2775 2791 4066 
1482 2757 2773 2775 2791 4066 
1482 2757 2773 2775 2791 4066 
1482 2757 2773 2775 2791 4066 
5358 6633 6649 6651 6667 7942 
5358 6633 6649 6651 6667 7942 
5358 6633 6649 6651 6667 7942 
5358 6633 6649 6651 6667 7942 
5358 6633 6649 6651 6667 7942 
5358 6633 6649 6651 6667 7942 
3997 5272 5288 5290 5306 6581 
3997 5272 5288 5290 5306 6581 
3997 5272 5288 5290 5306 6581 
3997 5272 5288 5290 5306 6581 
3997 5272 5288 5290 5306 6581 
3997 5272 5288 5290 5306 6581 
5306 6581 6597 6599 6615 7890 
5306 6581 6597 6599 6615 7890 
5306 6581 6597 6599 6615 7890 
5306 6581 6597 6599 6615 7890 
5306 6581 6597 6599 6615 7890 
5306 6581 6597 6599 6615 7890 
12996 14271 14287 14289 14305 15580 
12996 14271 14287 14289 14305 15580 
12996 14271 14287 14289 14305 15580 
12996 14271 14287 14289 14305 15580 
12996 14271 14287 14289 14305 15580 
12996 14271 14287 14289 14305 15580 
15541 16816 16832 16834 16850 18125 
15541 16816 16832 16834 16850 18125 
15541 16816 16832 16834 16850 18125 
15541 16816 16832 16834 16850 18125 
15541 16816 16832 16834 16850 18125 
15541 16816 16832 16834 16850 18125 
3996 5271 5289 5305 6580 
3996 5271 5289 5305 6580 
3996 5271 5289 5305 6580 
3996 5271 5289 5305 6580 
3996 5271 5289 5305 6580 
4031 5306 5322 5324 5340 6615 
4031 5306 5322 5324 5340 6615 
4031 5306 5322 5324 5340 6615 
4031 5306 5322 5324 5340 6615 
4031 5306 5322 5324 5340 6615 
4031 5306 5322 5324 5340 6615 
4083 5358 5374 5376 5392 6667 
4083 5358 5374 5376 5392 6667 
4083 5358 5374 5376 5392 6667 
4083 5358 5374 5376 5392 6667 
4083 5358 5374 5376 5392 6667 
4083 5358 5374 5376 5392 6667 
2756 4031 4047 4049 4065 5340 
2756 4031 4047 4049 4065 5340 
2756 4031 4047 4049 4065 5340 
2756 4031 4047 4049 4065 5340 
2756 4031 4047 4049 4065 5340 
2756 4031 4047 4049 4065 5340 
2690 3965 3981 3983 3999 5274 
2690 3965 3981 3983 3999 5274 
2690 3965 3981 3983 3999 5274 
2690 3965 3981 3983 3999 5274 
2690 3965 3981 3983 3999 5274 
2690 3965 3981 3983 3999 5274 
191 1466 1482 1484 1500 2775 
191 1466 1482 1484 1500 2775 
191 1466 1482 1484 1500 2775 
191 1466 1482 1484 1500 2775 
191 1466 1482 1484 1500 2775 
191 1466 1482 1484 1500 2775 
5341 6616 6632 6634 6650 7925 
5341 6616 6632 6634 6650 7925 
5341 6616 6632 6634 6650 7925 
5341 6616 6632 6634 6650 7925 
5341 6616 6632 6634 6650 7925 
5341 6616 6632 6634 6650 7925 
9120 10395 10411 10413 10429 11704 
9120 10395 10411 10413 10429 11704 
9120 10395 10411 10413 10429 11704 
9120 10395 10411 10413 10429 11704 
9120 10395 10411 10413 10429 11704 
9120 10395 10411 10413 10429 11704 
3966 5241 5257 5259 5275 6550 
3966 5241 5257 5259 5275 6550 
3966 5241 5257 5259 5275 6550 
3966 5241 5257 5259 5275 6550 
3966 5241 5257 5259 5275 6550 
3966 5241 5257 5259 5275 6550 
4013 5288 5306 5322 6597 
4013 5288 5306 5322 6597 
4013 5288 5306 5322 6597 
4013 5288 5306 5322 6597 
4013 5288 5306 5322 6597 
12958 14233 14249 14251 14267 15542 
12958 14233 14249 14251 14267 15542 
12958 14233 14249 14251 14267 15542 
12958 14233 14249 14251 14267 15542 
12958 14233 14249 14251 14267 15542 
12958 14233 14249 14251 14267 15542 
4066 5341 5357 5359 5375 6650 
4066 5341 5357 5359 5375 6650 
4066 5341 5357 5359 5375 6650 
4066 5341 5357 5359 5375 6650 
4066 5341 5357 5359 5375 6650 
4066 5341 5357 5359 5375 6650 
2774 4049 4065 4067 4083 5358 
2774 4049 4065 4067 4083 5358 
2774 4049 4065 4067 4083 5358 
2774 4049 4065 4067 4083 5358 
2774 4049 4065 4067 4083 5358 
2774 4049 4065 4067 4083 5358 
19452 20727 20743 20745 20761 22036 
19452 20727 20743 20745 20761 22036 
19452 20727 20743 20745 20761 22036 
19452 20727 20743 20745 20761 22036 
19452 20727 20743 20745 20761 22036 
19452 20727 20743 20745 20761 22036 
208 1483 1499 1501 1517 2792 
208 1483 1499 1501 1517 2792 
208 1483 1499 1501 1517 2792 
208 1483 1499 1501 1517 2792 
208 1483 1499 1501 1517 2792 
208 1483 1499 1501 1517 2792 
14250 15525 15541 15543 15559 16834 
14250 15525 15541 15543 15559 16834 
14250 15525 15541 15543 15559 16834 
14250 15525 15541 15543 15559 16834 
14250 15525 15541 15543 15559 16834 
14250 15525 15541 15543 15559 16834 
6530 7805 7821 7823 7839 9114 
6530 7805 7821 7823 7839 9114 
6530 7805 7821 7823 7839 9114 
6530 7805 7821 7823 7839 9114 
6530 7805 7821 7823 7839 9114 
6530 7805 7821 7823 7839 9114 
14247 15522 15540 15556 16831 
14247 15522 15540 15556 16831 
14247 15522 15540 15556 16831 
14247 15522 15540 15556 16831 
14247 15522 15540 15556 16831 
1431 2706 2722 2724 2740 4015 
1431 2706 2722 2724 2740 4015 
1431 2706 2722 2724 2740 4015 
1431 2706 2722 2724 2740 4015 
1431 2706 2722 2724 2740 4015 
1431 2706 2722 2724 2740 4015 
2705 3980 3996 3998 4014 5289 
2705 3980 3996 3998 4014 5289 
2705 3980 3996 3998 4014 5289 
2705 3980 3996 3998 4014 5289 
2705 3980 3996 3998 4014 5289 
2705 3980 3996 3998 4014 5289 
174 1449 1465 1467 1483 2758 
174 1449 1465 1467 1483 2758 
174 1449 1465 1467 1483 2758 
174 1449 1465 1467 1483 2758 
174 1449 1465 1467 1483 2758 
174 1449 1465 1467 1483 2758 
15561 16836 16852 16854 16870 18145 
15561 16836 16852 16854 16870 18145 
15561 16836 16852 16854 16870 18145 
15561 16836 16852 16854 16870 18145 
15561 16836 16852 16854 16870 18145 
15561 16836 16852 16854 16870 18145 
5305 6580 6598 6614 7889 
5305 6580 6598 6614 7889 
5305 6580 6598 6614 7889 
5305 6580 6598 6614 7889 
5305 6580 6598 6614 7889 
5340 6615 6631 6633 6649 7924 
5340 6615 6631 6633 6649 7924 
5340 6615 6631 6633 6649 7924 
5340 6615 6631 6633 6649 7924 
5340 6615 6631 6633 6649 7924 
5340 6615 6631 6633 6649 7924 
18143 19418 19434 19436 19452 20727 
18143 19418 19434 19436 19452 20727 
18143 19418 19434 19436 19452 20727 
18143 19418 19434 19436 19452 20727 
18143 19418 19434 19436 19452 20727 
18143 19418 19434 19436 19452 20727 
3965 5240 5256 5258 5274 6549 
3965 5240 5256 5258 5274 6549 
3965 5240 5256 5258 5274 6549 
3965 5240 5256 5258 5274 6549 
3965 5240 5256 5258 5274 6549 
3965 5240 5256 5258 5274 6549 
1499 2774 2790 2792 2808 4083 
1499 2774 2790 2792 2808 4083 
1499 2774 2790 2792 2808 4083 
1499 2774 2790 2792 2808 4083 
1499 2774 2790 2792 2808 4083 
1499 2774 2790 2792 2808 4083 
11665 12940 12956 12958 12974 14249 
11665 12940 12956 12958 12974 14249 
11665 12940 12956 12958 12974 14249 
11665 12940 12956 12958 12974 14249 
11665 12940 12956 12958 12974 14249 
11665 12940 12956 12958 12974 14249 
2826 4101 4117 4119 4135 5410 
2826 4101 4117 4119 4135 5410 
2826 4101 4117 4119 4135 5410 
2826 4101 4117 4119 4135 5410 
2826 4101 4117 4119 4135 5410 
2826 4101 4117 4119 4135 5410 
3967 5242 5258 5260 5276 6551 
3967 5242 5258 5260 5276 6551 
3967 5242 5258 5260 5276 6551 
3967 5242 5258 5260 5276 6551 
3967 5242 5258 5260 5276 6551 
3967 5242 5258 5260 5276 6551 
5261 6536 6552 6554 6570 7845 
5261 6536 6552 6554 6570 7845 
5261 6536 6552 6554 6570 7845 
5261 6536 6552 6554 6570 7845 
5261 6536 6552 6554 6570 7845 
5261 6536 6552 6554 6570 7845 
5323 6598 6614 6616 6632 7907 
5323 6598 6614 6616 6632 7907 
5323 6598 6614 6616 6632 7907 
5323 6598 6614 6616 6632 7907 
5323 6598 6614 6616 6632 7907 
5323 6598 6614 6616 6632 7907 
9101 10376 10392 10394 10410 11685 
9101 10376 10392 10394 10410 11685 
9101 10376 10392 10394 10410 11685 
9101 10376 10392 10394 10410 11685 
9101 10376 10392 10394 10410 11685 
9101 10376 10392 10394 10410 11685 
15539 16814 16832 16848 18123 
15539 16814 16832 16848 18123 
15539 16814 16832 16848 18123 
15539 16814 16832 16848 18123 
15539 16814 16832 16848 18123 
1534 2809 2825 2827 2843 4118 
1534 2809 2825 2827 2843 4118 
1534 2809 2825 2827 2843 4118 
1534 2809 2825 2827 2843 4118 
1534 2809 2825 2827 2843 4118 
1534 2809 2825 2827 2843 4118 
2739 4014 4030 4032 4048 5323 
2739 4014 4030 4032 4048 5323 
2739 4014 4030 4032 4048 5323 
2739 4014 4030 4032 4048 5323 
2739 4014 4030 4032 4048 5323 
2739 4014 4030 4032 4048 5323 
7807 9082 9098 9100 9116 10391 
7807 9082 9098 9100 9116 10391 
7807 9082 9098 9100 9116 10391 
7807 9082 9098 9100 9116 10391 
7807 9082 9098 9100 9116 10391 
7807 9082 9098 9100 9116 10391 
4065 5340 5356 5358 5374 6649 
4065 5340 5356 5358 5374 6649 
4065 5340 5356 5358 5374 6649 
4065 5340 5356 5358 5374 6649 
4065 5340 5356 5358 5374 6649 
4065 5340 5356 5358 5374 6649 
225 1500 1516 1518 1534 2809 
225 1500 1516 1518 1534 2809 
225 1500 1516 1518 1534 2809 
225 1500 1516 1518 1534 2809 
225 1500 1516 1518 1534 2809 
225 1500 1516 1518 1534 2809 
4048 5323 5339 5341 5357 6632 
4048 5323 5339 5341 5357 6632 
4048 5323 5339 5341 5357 6632 
4048 5323 5339 5341 5357 6632 
4048 5323 5339 5341 5357 6632 
4048 5323 5339 5341 5357 6632 
20759 22034 22050 22052 22068 
20759 22034 22050 22052 22068 
20759 22034 22050 22052 22068 
20759 22034 22050 22052 22068 
20759 22034 22050 22052 22068 
14306 15581 15597 15599 15615 16890 
14306 15581 15597 15599 15615 16890 
14306 15581 15597 15599 15615 16890 
14306 15581 15597 15599 15615 16890 
14306 15581 15597 15599 15615 16890 
14306 15581 15597 15599 15615 16890 
2722 3997 4013 4015 4031 5306 
2722 3997 4013 4015 4031 5306 
2722 3997 4013 4015 4031 5306 
2722 3997 4013 4015 4031 5306 
2722 3997 4013 4015 4031 5306 
2722 3997 4013 4015 4031 5306 
11664 12939 12955 12957 12973 14248 
11664 12939 12955 12957 12973 14248 
11664 12939 12955 12957 12973 14248 
11664 12939 12955 12957 12973 14248 
11664 12939 12955 12957 12973 14248 
11664 12939 12955 12957 12973 14248 
14288 15563 15579 15581 15597 16872 
14288 15563 15579 15581 15597 16872 
14288 15563 15579 15581 15597 16872 
14288 15563 15579 15581 15597 16872 
14288 15563 15579 15581 15597 16872 
14288 15563 15579 15581 15597 16872 
2773 4048 4064 4066 4082 5357 
2773 4048 4064 4066 4082 5357 
2773 4048 4064 4066 4082 5357 
2773 4048 4064 4066 4082 5357 
2773 4048 4064 4066 4082 5357 
2773 4048 4064 4066 4082 5357 
11666 12941 12957 12959 12975 14250 
11666 12941 12957 12959 12975 14250 
11666 12941 12957 12959 12975 14250 
11666 12941 12957 12959 12975 14250 
11666 12941 12957 12959 12975 14250 
11666 12941 12957 12959 12975 14250 
12955 14230 14248 14264 15539 
12955 14230 14248 14264 15539 
12955 14230 14248 14264 15539 
12955 14230 14248 14264 15539 
12955 14230 14248 14264 15539 
6554 7829 7845 7847 7863 9138 
6554 7829 7845 7847 7863 9138 
6554 7829 7845 7847 7863 9138 
6554 7829 7845 7847 7863 9138 
6554 7829 7845 7847 7863 9138 
6554 7829 7845 7847 7863 9138 
2808 4083 4099 4101 4117 5392 
2808 4083 4099 4101 4117 5392 
2808 4083 4099 4101 4117 5392 
2808 4083 4099 4101 4117 5392 
2808 4083 4099 4101 4117 5392 
2808 4083 4099 4101 4117 5392 
7806 9081 9097 9099 9115 10390 
7806 9081 9097 9099 9115 10390 
7806 9081 9097 9099 9115 10390 
7806 9081 9097 9099 9115 10390 
7806 9081 9097 9099 9115 10390 
7806 9081 9097 9099 9115 10390 
6535 7810 7826 7828 7844 9119 
6535 7810 7826 7828 7844 9119 
6535 7810 7826 7828 7844 9119 
6535 7810 7826 7828 7844 9119 
6535 7810 7826 7828 7844 9119 
6535 7810 7826 7828 7844 9119 
1415 2690 2706 2708 2724 3999 
1415 2690 2706 2708 2724 3999 
1415 2690 2706 2708 2724 3999 
1415 2690 2706 2708 2724 3999 
1415 2690 2706 2708 2724 3999 
1415 2690 2706 2708 2724 3999 
11686 12961 12977 12979 12995 14270 
11686 12961 12977 12979 12995 14270 
11686 12961 12977 12979 12995 14270 
11686 12961 12977 12979 12995 14270 
11686 12961 12977 12979 12995 14270 
11686 12961 12977 12979 12995 14270 
9096 10371 10389 10405 11680 
9096 10371 10389 10405 11680 
9096 10371 10389 10405 11680 
9096 10371 10389 10405 11680 
9096 10371 10389 10405 11680 
4030 5305 5323 5339 6614 
4030 5305 5323 5339 6614 
4030 5305 5323 5339 6614 
4030 5305 5323 5339 6614 
4030 5305 5323 5339 6614 
157 1432 1448 1450 1466 2741 
157 1432 1448 1450 1466 2741 
157 1432 1448 1450 1466 2741 
157 1432 1448 1450 1466 2741 
157 1432 1448 1450 1466 2741 
157 1432 1448 1450 1466 2741 
2689 3964 3980 3982 3998 5273 
2689 3964 3980 3982 3998 5273 
2689 3964 3980 3982 3998 5273 
2689 3964 3980 3982 3998 5273 
2689 3964 3980 3982 3998 5273 
2689 3964 3980 3982 3998 5273 
5393 6668 6684 6686 6702 7977 
5393 6668 6684 6686 6702 7977 
5393 6668 6684 6686 6702 7977 
5393 6668 6684 6686 6702 7977 
5393 6668 6684 6686 6702 7977 
5393 6668 6684 6686 6702 7977 
12978 14253 14269 14271 14287 15562 
12978 14253 14269 14271 14287 15562 
12978 14253 14269 14271 14287 15562 
12978 14253 14269 14271 14287 15562 
12978 14253 14269 14271 14287 15562 
12978 14253 14269 14271 14287 15562 
15542 16817 16833 16835 16851 18126 
15542 16817 16833 16835 16851 18126 
15542 16817 16833 16835 16851 18126 
15542 16817 16833 16835 16851 18126 
15542 16817 16833 16835 16851 18126 
15542 16817 16833 16835 16851 18126 
2756 4031 4047 4049 4065 5340 
2756 4031 4047 4049 4065 5340 
2756 4031 4047 4049 4065 5340 
2756 4031 4047 4049 4065 5340 
2756 4031 4047 4049 4065 5340 
2756 4031 4047 4049 4065 5340 
5375 6650 6666 6668 6684 7959 
5375 6650 6666 6668 6684 7959 
5375 6650 6666 6668 6684 7959 
5375 6650 6666 6668 6684 7959 
5375 6650 6666 6668 6684 7959 
5375 6650 6666 6668 6684 7959 
7808 9083 9099 9101 9117 10392 
7808 9083 9099 9101 9117 10392 
7808 9083 9099 9101 9117 10392 
7808 9083 9099 9101 9117 10392 
7808 9083 9099 9101 9117 10392 
7808 9083 9099 9101 9117 10392 
20760 22035 22051 22053 22069 
20760 22035 22051 22053 22069 
20760 22035 22051 22053 22069 
20760 22035 22051 22053 22069 
20760 22035 22051 22053 22069 
2791 4066 4082 4084 4100 5375 
2791 4066 4082 4084 4100 5375 
2791 4066 4082 4084 4100 5375 
2791 4066 4082 4084 4100 5375 
2791 4066 4082 4084 4100 5375 
2791 4066 4082 4084 4100 5375 
4118 5393 5409 5411 5427 6702 
4118 5393 5409 5411 5427 6702 
4118 5393 5409 5411 5427 6702 
4118 5393 5409 5411 5427 6702 
4118 5393 5409 5411 5427 6702 
4118 5393 5409 5411 5427 6702 
1482 2757 2773 2775 2791 4066 
1482 2757 2773 2775 2791 4066 
1482 2757 2773 2775 2791 4066 
1482 2757 2773 2775 2791 4066 
1482 2757 2773 2775 2791 4066 
1482 2757 2773 2775 2791 4066 
3964 5239 5255 5257 5273 6548 
3964 5239 5255 5257 5273 6548 
3964 5239 5255 5257 5273 6548 
3964 5239 5255 5257 5273 6548 
3964 5239 5255 5257 5273 6548 
3964 5239 5255 5257 5273 6548 
18180 19455 19471 19473 19489 20764 
18180 19455 19471 19473 19489 20764 
18180 19455 19471 19473 19489 20764 
18180 19455 19471 19473 19489 20764 
18180 19455 19471 19473 19489 20764 
18180 19455 19471 19473 19489 20764 
7828 9103 9119 9121 9137 10412 
7828 9103 9119 9121 9137 10412 
7828 9103 9119 9121 9137 10412 
7828 9103 9119 9121 9137 10412 
7828 9103 9119 9121 9137 10412 
7828 9103 9119 9121 9137 10412 
5288 6563 6581 6597 7872 
5288 6563 6581 6597 7872 
5288 6563 6581 6597 7872 
5288 6563 6581 6597 7872 
5288 6563 6581 6597 7872 
5358 6633 6649 6651 6667 7942 
5358 6633 6649 6651 6667 7942 
5358 6633 6649 6651 6667 7942 
5358 6633 6649 6651 6667 7942 
5358 6633 6649 6651 6667 7942 
5358 6633 6649 6651 6667 7942 
16832 18107 18123 18125 18141 19416 
16832 18107 18123 18125 18141 19416 
16832 18107 18123 18125 18141 19416 
16832 18107 18123 18125 18141 19416 
16832 18107 18123 18125 18141 19416 
16832 18107 18123 18125 18141 19416 
4013 5288 5306 5322 6597 
4013 5288 5306 5322 6597 
4013 5288 5306 5322 6597 
4013 5288 5306 5322 6597 
4013 5288 5306 5322 6597 
18162 19437 19453 19455 19471 20746 
18162 19437 19453 19455 19471 20746 
18162 19437 19453 19455 19471 20746 
18162 19437 19453 19455 19471 20746 
18162 19437 19453 19455 19471 20746 
18162 19437 19453 19455 19471 20746 
3968 5243 5259 5261 5277 6552 
3968 5243 5259 5261 5277 6552 
3968 5243 5259 5261 5277 6552 
3968 5243 5259 5261 5277 6552 
3968 5243 5259 5261 5277 6552 
3968 5243 5259 5261 5277 6552 
4100 5375 5391 5393 5409 6684 
4100 5375 5391 5393 5409 6684 
4100 5375 5391 5393 5409 6684 
4100 5375 5391 5393 5409 6684 
4100 5375 5391 5393 5409 6684 
4100 5375 5391 5393 5409 6684 
4083 5358 5374 5376 5392 6667 
4083 5358 5374 5376 5392 6667 
4083 5358 5374 5376 5392 6667 
4083 5358 5374 5376 5392 6667 
4083 5358 5374 5376 5392 6667 
4083 5358 5374 5376 5392 6667 
5241 6516 6532 6534 6550 7825 
5241 6516 6532 6534 6550 7825 
5241 6516 6532 6534 6550 7825 
5241 6516 6532 6534 6550 7825 
5241 6516 6532 6534 6550 7825 
5241 6516 6532 6534 6550 7825 
5240 6515 6531 6533 6549 7824 
5240 6515 6531 6533 6549 7824 
5240 6515 6531 6533 6549 7824 
5240 6515 6531 6533 6549 7824 
5240 6515 6531 6533 6549 7824 
5240 6515 6531 6533 6549 7824 
1447 2722 2738 2740 2756 4031 
1447 2722 2738 2740 2756 4031 
1447 2722 2738 2740 2756 4031 
1447 2722 2738 2740 2756 4031 
1447 2722 2738 2740 2756 4031 
1447 2722 2738 2740 2756 4031 
1516 2791 2807 2809 2825 4100 
1516 2791 2807 2809 2825 4100 
1516 2791 2807 2809 2825 4100 
1516 2791 2807 2809 2825 4100 
1516 2791 2807 2809 2825 4100 
1516 2791 2807 2809 2825 4100 
5254 6529 6547 6563 7838 
5254 6529 6547 6563 7838 
5254 6529 6547 6563 7838 
5254 6529 6547 6563 7838 
5254 6529 6547 6563 7838 
10394 11669 11685 11687 11703 12978 
10394 11669 11685 11687 11703 12978 
10394 11669 11685 11687 11703 12978 
10394 11669 11685 11687 11703 12978 
10394 11669 11685 11687 11703 12978 
10394 11669 11685 11687 11703 12978 
1464 2739 2755 2757 2773 4048 
1464 2739 2755 2757 2773 4048 
1464 2739 2755 2757 2773 4048 
1464 2739 2755 2757 2773 4048 
1464 2739 2755 2757 2773 4048 
1464 2739 2755 2757 2773 4048 
3979 5254 5272 5288 6563 
3979 5254 5272 5288 6563 
3979 5254 5272 5288 6563 
3979 5254 5272 5288 6563 
3979 5254 5272 5288 6563 
16871 18146 18162 18164 18180 19455 
16871 18146 18162 18164 18180 19455 
16871 18146 18162 18164 18180 19455 
16871 18146 18162 18164 18180 19455 
16871 18146 18162 18164 18180 19455 
16871 18146 18162 18164 18180 19455 
3996 5271 5289 5305 6580 
3996 5271 5289 5305 6580 
3996 5271 5289 5305 6580 
3996 5271 5289 5305 6580 
3996 5271 5289 5305 6580 
16889 18164 18180 18182 18198 19473 
16889 18164 18180 18182 18198 19473 
16889 18164 18180 18182 18198 19473 
16889 18164 18180 18182 18198 19473 
16889 18164 18180 18182 18198 19473 
16889 18164 18180 18182 18198 19473 
5322 6597 6615 6631 7906 
5322 6597 6615 6631 7906 
5322 6597 6615 6631 7906 
5322 6597 6615 6631 7906 
5322 6597 6615 6631 7906 
5305 6580 6598 6614 7889 
5305 6580 6598 6614 7889 
5305 6580 6598 6614 7889 
5305 6580 6598 6614 7889 
5305 6580 6598 6614 7889 
5340 6615 6631 6633 6649 7924 
5340 6615 6631 6633 6649 7924 
5340 6615 6631 6633 6649 7924 
5340 6615 6631 6633 6649 7924 
5340 6615 6631 6633 6649 7924 
5340 6615 6631 6633 6649 7924 
242 1517 1533 1535 1551 2826 
242 1517 1533 1535 1551 2826 
242 1517 1533 1535 1551 2826 
242 1517 1533 1535 1551 2826 
242 1517 1533 1535 1551 2826 
242 1517 1533 1535 1551 2826 
190 1465 1481 1483 1499 2774 
190 1465 1481 1483 1499 2774 
190 1465 1481 1483 1499 2774 
190 1465 1481 1483 1499 2774 
190 1465 1481 1483 1499 2774 
190 1465 1481 1483 1499 2774 
12959 14234 14250 14252 14268 15543 
12959 14234 14250 14252 14268 15543 
12959 14234 14250 14252 14268 15543 
12959 14234 14250 14252 14268 15543 
12959 14234 14250 14252 14268 15543 
12959 14234 14250 14252 14268 15543 
16833 18108 18124 18126 18142 19417 
16833 18108 18124 18126 18142 19417 
16833 18108 18124 18126 18142 19417 
16833 18108 18124 18126 18142 19417 
16833 18108 18124 18126 18142 19417 
16833 18108 18124 18126 18142 19417 
173 1448 1464 1466 1482 2757 
173 1448 1464 1466 1482 2757 
173 1448 1464 1466 1482 2757 
173 1448 1464 1466 1482 2757 
173 1448 1464 1466 1482 2757 
173 1448 1464 1466 1482 2757 
20758 22033 22051 22067 
20758 22033 22051 22067 
20758 22033 22051 22067 
20758 22033 22051 22067 
5357 6632 6648 6650 6666 7941 
5357 6632 6648 6650 6666 7941 
5357 6632 6648 6650 6666 7941 
5357 6632 6648 6650 6666 7941 
5357 6632 6648 6650 6666 7941 
5357 6632 6648 6650 6666 7941 
2721 3996 4014 4030 5305 
2721 3996 4014 4030 5305 
2721 3996 4014 4030 5305 
2721 3996 4014 4030 5305 
2721 3996 4014 4030 5305 
1499 2774 2790 2792 2808 4083 
1499 2774 2790 2792 2808 4083 
1499 2774 2790 2792 2808 4083 
1499 2774 2790 2792 2808 4083 
1499 2774 2790 2792 2808 4083 
1499 2774 2790 2792 2808 4083 
4065 5340 5356 5358 5374 6649 
4065 5340 5356 5358 5374 6649 
4065 5340 5356 5358 5374 6649 
4065 5340 5356 5358 5374 6649 
4065 5340 5356 5358 5374 6649 
4065 5340 5356 5358 5374 6649 
10431 11706 11722 11724 11740 13015 
10431 11706 11722 11724 11740 13015 
10431 11706 11722 11724 11740 13015 
10431 11706 11722 11724 11740 13015 
10431 11706 11722 11724 11740 13015 
10431 11706 11722 11724 11740 13015 
7805 9080 9096 9098 9114 10389 
7805 9080 9096 9098 9114 10389 
7805 9080 9096 9098 9114 10389 
7805 9080 9096 9098 9114 10389 
7805 9080 9096 9098 9114 10389 
7805 9080 9096 9098 9114 10389 
10373 11648 11664 11666 11682 12957 
10373 11648 11664 11666 11682 12957 
10373 11648 11664 11666 11682 12957 
10373 11648 11664 11666 11682 12957 
10373 11648 11664 11666 11682 12957 
10373 11648 11664 11666 11682 12957 
4030 5305 5323 5339 6614 
4030 5305 5323 5339 6614 
4030 5305 5323 5339 6614 
4030 5305 5323 5339 6614 
4030 5305 5323 5339 6614 
14270 15545 15561 15563 15579 16854 
14270 15545 15561 15563 15579 16854 
14270 15545 15561 15563 15579 16854 
14270 15545 15561 15563 15579 16854 
14270 15545 15561 15563 15579 16854 
14270 15545 15561 15563 15579 16854 
1481 2756 2772 2774 2790 4065 
1481 2756 2772 2774 2790 4065 
1481 2756 2772 2774 2790 4065 
1481 2756 2772 2774 2790 4065 
1481 2756 2772 2774 2790 4065 
1481 2756 2772 2774 2790 4065 
2738 4013 4031 4047 5322 
2738 4013 4031 4047 5322 
2738 4013 4031 4047 5322 
2738 4013 4031 4047 5322 
2738 4013 4031 4047 5322 
2773 4048 4064 4066 4082 5357 
2773 4048 4064 4066 4082 5357 
2773 4048 4064 4066 4082 5357 
2773 4048 4064 4066 4082 5357 
2773 4048 4064 4066 4082 5357 
2773 4048 4064 4066 4082 5357 
1414 2689 2705 2707 2723 3998 
1414 2689 2705 2707 2723 3998 
1414 2689 2705 2707 2723 3998 
1414 2689 2705 2707 2723 3998 
1414 2689 2705 2707 2723 3998 
1414 2689 2705 2707 2723 3998 
14251 15526 15542 15544 15560 16835 
14251 15526 15542 15544 15560 16835 
14251 15526 15542 15544 15560 16835 
14251 15526 15542 15544 15560 16835 
14251 15526 15542 15544 15560 16835 
14251 15526 15542 15544 15560 16835 
5242 6517 6533 6535 6551 7826 
5242 6517 6533 6535 6551 7826 
5242 6517 6533 6535 6551 7826 
5242 6517 6533 6535 6551 7826 
5242 6517 6533 6535 6551 7826 
5242 6517 6533 6535 6551 7826 
207 1482 1498 1500 1516 2791 
207 1482 1498 1500 1516 2791 
207 1482 1498 1500 1516 2791 
207 1482 1498 1500 1516 2791 
207 1482 1498 1500 1516 2791 
207 1482 1498 1500 1516 2791 
2790 4065 4081 4083 4099 5374 
2790 4065 4081 4083 4099 5374 
2790 4065 4081 4083 4099 5374 
2790 4065 4081 4083 4099 5374 
2790 4065 4081 4083 4099 5374 
2790 4065 4081 4083 4099 5374 
9139 10414 10430 10432 10448 11723 
9139 10414 10430 10432 10448 11723 
9139 10414 10430 10432 10448 11723 
9139 10414 10430 10432 10448 11723 
9139 10414 10430 10432 10448 11723 
9139 10414 10430 10432 10448 11723 
5239 6514 6530 6532 6548 7823 
5239 6514 6530 6532 6548 7823 
5239 6514 6530 6532 6548 7823 
5239 6514 6530 6532 6548 7823 
5239 6514 6530 6532 6548 7823 
5239 6514 6530 6532 6548 7823 
1430 2705 2721 2723 2739 4014 
1430 2705 2721 2723 2739 4014 
1430 2705 2721 2723 2739 4014 
1430 2705 2721 2723 2739 4014 
1430 2705 2721 2723 2739 4014 
1430 2705 2721 2723 2739 4014 
11667 12942 12958 12960 12976 14251 
11667 12942 12958 12960 12976 14251 
11667 12942 12958 12960 12976 14251 
11667 12942 12958 12960 12976 14251 
11667 12942 12958 12960 12976 14251 
11667 12942 12958 12960 12976 14251 
1551 2826 2842 2844 2860 4135 
1551 2826 2842 2844 2860 4135 
1551 2826 2842 2844 2860 4135 
1551 2826 2842 2844 2860 4135 
1551 2826 2842 2844 2860 4135 
1551 2826 2842 2844 2860 4135 
6529 7804 7822 7838 9113 
6529 7804 7822 7838 9113 
6529 7804 7822 7838 9113 
6529 7804 7822 7838 9113 
6529 7804 7822 7838 9113 
10374 11649 11665 11667 11683 12958 
10374 11649 11665 11667 11683 12958 
10374 11649 11665 11667 11683 12958 
10374 11649 11665 11667 11683 12958 
10374 11649 11665 11667 11683 12958 
10374 11649 11665 11667 11683 12958 
2843 4118 4134 4136 4152 5427 
2843 4118 4134 4136 4152 5427 
2843 4118 4134 4136 4152 5427 
2843 4118 4134 4136 4152 5427 
2843 4118 4134 4136 4152 5427 
2843 4118 4134 4136 4152 5427 
4047 5322 5340 5356 6631 
4047 5322 5340 5356 6631 
4047 5322 5340 5356 6631 
4047 5322 5340 5356 6631 
4047 5322 5340 5356 6631 
19471 20746 20762 20764 20780 22055 
19471 20746 20762 20764 20780 22055 
19471 20746 20762 20764 20780 22055 
19471 20746 20762 20764 20780 22055 
19471 20746 20762 20764 20780 22055 
19471 20746 20762 20764 20780 22055 
4082 5357 5373 5375 5391 6666 
4082 5357 5373 5375 5391 6666 
4082 5357 5373 5375 5391 6666 
4082 5357 5373 5375 5391 6666 
4082 5357 5373 5375 5391 6666 
4082 5357 5373 5375 5391 6666 
7809 9084 9100 9102 9118 10393 
7809 9084 9100 9102 9118 10393 
7809 9084 9100 9102 9118 10393 
7809 9084 9100 9102 9118 10393 
7809 9084 9100 9102 9118 10393 
7809 9084 9100 9102 9118 10393 
11663 12938 12956 12972 14247 
11663 12938 12956 12972 14247 
11663 12938 12956 12972 14247 
11663 12938 12956 12972 14247 
11663 12938 12956 12972 14247 
16831 18106 18124 18140 19415 
16831 18106 18124 18140 19415 
16831 18106 18124 18140 19415 
16831 18106 18124 18140 19415 
16831 18106 18124 18140 19415 
11723 12998 13014 13016 13032 14307 
11723 12998 13014 13016 13032 14307 
11723 12998 13014 13016 13032 14307 
11723 12998 13014 13016 13032 14307 
11723 12998 13014 13016 13032 14307 
11723 12998 13014 13016 13032 14307 
156 1431 1447 1449 1465 2740 
156 1431 1447 1449 1465 2740 
156 1431 1447 1449 1465 2740 
156 1431 1447 1449 1465 2740 
156 1431 1447 1449 1465 2740 
156 1431 1447 1449 1465 2740 
9102 10377 10393 10395 10411 11686 
9102 10377 10393 10395 10411 11686 
9102 10377 10393 10395 10411 11686 
9102 10377 10393 10395 10411 11686 
9102 10377 10393 10395 10411 11686 
9102 10377 10393 10395 10411 11686 
2808 4083 4099 4101 4117 5392 
2808 4083 4099 4101 4117 5392 
2808 4083 4099 4101 4117 5392 
2808 4083 4099 4101 4117 5392 
2808 4083 4099 4101 4117 5392 
2808 4083 4099 4101 4117 5392 
140 1415 1431 1433 1449 2724 
140 1415 1431 1433 1449 2724 
140 1415 1431 1433 1449 2724 
140 1415 1431 1433 1449 2724 
140 1415 1431 1433 1449 2724 
140 1415 1431 1433 1449 2724 
10413 11688 11704 11706 11722 12997 
10413 11688 11704 11706 11722 12997 
10413 11688 11704 11706 11722 12997 
10413 11688 11704 11706 11722 12997 
10413 11688 11704 11706 11722 12997 
10413 11688 11704 11706 11722 12997 
5322 6597 6615 6631 7906 
5322 6597 6615 6631 7906 
5322 6597 6615 6631 7906 
5322 6597 6615 6631 7906 
5322 6597 6615 6631 7906 
2825 4100 4116 4118 4134 5409 
2825 4100 4116 4118 4134 5409 
2825 4100 4116 4118 4134 5409 
2825 4100 4116 4118 4134 5409 
2825 4100 4116 4118 4134 5409 
2825 4100 4116 4118 4134 5409 
10372 11647 11663 11665 11681 12956 
10372 11647 11663 11665 11681 12956 
10372 11647 11663 11665 11681 12956 
10372 11647 11663 11665 11681 12956 
10372 11647 11663 11665 11681 12956 
10372 11647 11663 11665 11681 12956 
2704 3979 3997 4013 5288 
2704 3979 3997 4013 5288 
2704 3979 3997 4013 5288 
2704 3979 3997 4013 5288 
2704 3979 3997 4013 5288 
16853 18128 18144 18146 18162 19437 
16853 18128 18144 18146 18162 19437 
16853 18128 18144 18146 18162 19437 
16853 18128 18144 18146 18162 19437 
16853 18128 18144 18146 18162 19437 
16853 18128 18144 18146 18162 19437 
20761 22036 22052 22054 22070 
20761 22036 22052 22054 22070 
20761 22036 22052 22054 22070 
20761 22036 22052 22054 22070 
20761 22036 22052 22054 22070 
11705 12980 12996 12998 13014 14289 
11705 12980 12996 12998 13014 14289 
11705 12980 12996 12998 13014 14289 
11705 12980 12996 12998 13014 14289 
11705 12980 12996 12998 13014 14289 
11705 12980 12996 12998 13014 14289 
15580 16855 16871 16873 16889 18164 
15580 16855 16871 16873 16889 18164 
15580 16855 16871 16873 16889 18164 
15580 16855 16871 16873 16889 18164 
15580 16855 16871 16873 16889 18164 
15580 16855 16871 16873 16889 18164 
1464 2739 2755 2757 2773 4048 
1464 2739 2755 2757 2773 4048 
1464 2739 2755 2757 2773 4048 
1464 2739 2755 2757 2773 4048 
1464 2739 2755 2757 2773 4048 
1464 2739 2755 2757 2773 4048 
5262 6537 6553 6555 6571 7846 
5262 6537 6553 6555 6571 7846 
5262 6537 6553 6555 6571 7846 
5262 6537 6553 6555 6571 7846 
5262 6537 6553 6555 6571 7846 
5262 6537 6553 6555 6571 7846 
191 207 209 225 1500 
191 207 209 225 1500 
191 207 209 225 1500 
191 207 209 225 1500 
191 207 209 225 1500 
2755 4030 4048 4064 5339 
2755 4030 4048 4064 5339 
2755 4030 4048 4064 5339 
2755 4030 4048 4064 5339 
2755 4030 4048 4064 5339 
7847 9122 9138 9140 9156 10431 
7847 9122 9138 9140 9156 10431 
7847 9122 9138 9140 9156 10431 
7847 9122 9138 9140 9156 10431 
7847 9122 9138 9140 9156 10431 
7847 9122 9138 9140 9156 10431 
5375 6650 6666 6668 6684 7959 
5375 6650 6666 6668 6684 7959 
5375 6650 6666 6668 6684 7959 
5375 6650 6666 6668 6684 7959 
5375 6650 6666 6668 6684 7959 
5375 6650 6666 6668 6684 7959 
19453 20728 20744 20746 20762 22037 
19453 20728 20744 20746 20762 22037 
19453 20728 20744 20746 20762 22037 
19453 20728 20744 20746 20762 22037 
19453 20728 20744 20746 20762 22037 
19453 20728 20744 20746 20762 22037 
3963 5238 5254 5256 5272 6547 
3963 5238 5254 5256 5272 6547 
3963 5238 5254 5256 5272 6547 
3963 5238 5254 5256 5272 6547 
3963 5238 5254 5256 5272 6547 
3963 5238 5254 5256 5272 6547 
2688 3963 3979 3981 3997 5272 
2688 3963 3979 3981 3997 5272 
2688 3963 3979 3981 3997 5272 
2688 3963 3979 3981 3997 5272 
2688 3963 3979 3981 3997 5272 
2688 3963 3979 3981 3997 5272 
15598 16873 16889 16891 16907 18182 
15598 16873 16889 16891 16907 18182 
15598 16873 16889 16891 16907 18182 
15598 16873 16889 16891 16907 18182 
15598 16873 16889 16891 16907 18182 
15598 16873 16889 16891 16907 18182 
174 190 192 208 1483 
174 190 192 208 1483 
174 190 192 208 1483 
174 190 192 208 1483 
174 190 192 208 1483 
224 1499 1515 1517 1533 2808 
224 1499 1515 1517 1533 2808 
224 1499 1515 1517 1533 2808 
224 1499 1515 1517 1533 2808 
224 1499 1515 1517 1533 2808 
224 1499 1515 1517 1533 2808 
1533 2808 2824 2826 2842 4117 
1533 2808 2824 2826 2842 4117 
1533 2808 2824 2826 2842 4117 
1533 2808 2824 2826 2842 4117 
1533 2808 2824 2826 2842 4117 
1533 2808 2824 2826 2842 4117 
2721 3996 4014 4030 5305 
2721 3996 4014 4030 5305 
2721 3996 4014 4030 5305 
2721 3996 4014 4030 5305 
2721 3996 4014 4030 5305 
2738 4013 4031 4047 5322 
2738 4013 4031 4047 5322 
2738 4013 4031 4047 5322 
2738 4013 4031 4047 5322 
2738 4013 4031 4047 5322 
3969 5244 5260 5262 5278 6553 
3969 5244 5260 5262 5278 6553 
3969 5244 5260 5262 5278 6553 
3969 5244 5260 5262 5278 6553 
3969 5244 5260 5262 5278 6553 
3969 5244 5260 5262 5278 6553 
19433 20708 20724 20726 20742 22017 
19433 20708 20724 20726 20742 22017 
19433 20708 20724 20726 20742 22017 
19433 20708 20724 20726 20742 22017 
19433 20708 20724 20726 20742 22017 
19433 20708 20724 20726 20742 22017 
5392 6667 6683 6685 6701 7976 
5392 6667 6683 6685 6701 7976 
5392 6667 6683 6685 6701 7976 
5392 6667 6683 6685 6701 7976 
5392 6667 6683 6685 6701 7976 
5392 6667 6683 6685 6701 7976 
1498 2773 2789 2791 2807 4082 
1498 2773 2789 2791 2807 4082 
1498 2773 2789 2791 2807 4082 
1498 2773 2789 2791 2807 4082 
1498 2773 2789 2791 2807 4082 
1498 2773 2789 2791 2807 4082 
6536 7811 7827 7829 7845 9120 
6536 7811 7827 7829 7845 9120 
6536 7811 7827 7829 7845 9120 
6536 7811 7827 7829 7845 9120 
6536 7811 7827 7829 7845 9120 
6536 7811 7827 7829 7845 9120 
5410 6685 6701 6703 6719 7994 
5410 6685 6701 6703 6719 7994 
5410 6685 6701 6703 6719 7994 
5410 6685 6701 6703 6719 7994 
5410 6685 6701 6703 6719 7994 
5410 6685 6701 6703 6719 7994 
18144 19419 19435 19437 19453 20728 
18144 19419 19435 19437 19453 20728 
18144 19419 19435 19437 19453 20728 
18144 19419 19435 19437 19453 20728 
18144 19419 19435 19437 19453 20728 
18144 19419 19435 19437 19453 20728 
1516 2791 2807 2809 2825 4100 
1516 2791 2807 2809 2825 4100 
1516 2791 2807 2809 2825 4100 
1516 2791 2807 2809 2825 4100 
1516 2791 2807 2809 2825 4100 
1516 2791 2807 2809 2825 4100 
4100 5375 5391 5393 5409 6684 
4100 5375 5391 5393 5409 6684 
4100 5375 5391 5393 5409 6684 
4100 5375 5391 5393 5409 6684 
4100 5375 5391 5393 5409 6684 
4100 5375 5391 5393 5409 6684 
208 224 226 242 1517 
208 224 226 242 1517 
208 224 226 242 1517 
208 224 226 242 1517 
208 224 226 242 1517 
5357 6632 6648 6650 6666 7941 
5357 6632 6648 6650 6666 7941 
5357 6632 6648 6650 6666 7941 
5357 6632 6648 6650 6666 7941 
5357 6632 6648 6650 6666 7941 
5357 6632 6648 6650 6666 7941 
259 1534 1550 1552 1568 2843 
259 1534 1550 1552 1568 2843 
259 1534 1550 1552 1568 2843 
259 1534 1550 1552 1568 2843 
259 1534 1550 1552 1568 2843 
259 1534 1550 1552 1568 2843 
9121 10396 10412 10414 10430 11705 
9121 10396 10412 10414 10430 11705 
9121 10396 10412 10414 10430 11705 
9121 10396 10412 10414 10430 11705 
9121 10396 10412 10414 10430 11705 
9121 10396 10412 10414 10430 11705 
4047 5322 5340 5356 6631 
4047 5322 5340 5356 6631 
4047 5322 5340 5356 6631 
4047 5322 5340 5356 6631 
4047 5322 5340 5356 6631 
5339 6614 6632 6648 7923 
5339 6614 6632 6648 7923 
5339 6614 6632 6648 7923 
5339 6614 6632 6648 7923 
5339 6614 6632 6648 7923 
10375 11650 11666 11668 11684 12959 
10375 11650 11666 11668 11684 12959 
10375 11650 11666 11668 11684 12959 
10375 11650 11666 11668 11684 12959 
10375 11650 11666 11668 11684 12959 
10375 11650 11666 11668 11684 12959 
1481 2756 2772 2774 2790 4065 
1481 2756 2772 2774 2790 4065 
1481 2756 2772 2774 2790 4065 
1481 2756 2772 2774 2790 4065 
1481 2756 2772 2774 2790 4065 
1481 2756 2772 2774 2790 4065 
4135 5410 5426 5428 5444 6719 
4135 5410 5426 5428 5444 6719 
4135 5410 5426 5428 5444 6719 
4135 5410 5426 5428 5444 6719 
4135 5410 5426 5428 5444 6719 
4135 5410 5426 5428 5444 6719 
2790 4065 4081 4083 4099 5374 
2790 4065 4081 4083 4099 5374 
2790 4065 4081 4083 4099 5374 
2790 4065 4081 4083 4099 5374 
2790 4065 4081 4083 4099 5374 
2790 4065 4081 4083 4099 5374 
1552 2827 2843 2845 2861 4136 
1552 2827 2843 2845 2861 4136 
1552 2827 2843 2845 2861 4136 
1552 2827 2843 2845 2861 4136 
1552 2827 2843 2845 2861 4136 
1552 2827 2843 2845 2861 4136 
1569 2844 2860 2862 2878 4153 
1569 2844 2860 2862 2878 4153 
1569 2844 2860 2862 2878 4153 
1569 2844 2860 2862 2878 4153 
1569 2844 2860 2862 2878 4153 
1569 2844 2860 2862 2878 4153 
1570 2845 2861 2863 2879 4154 
1570 2845 2861 2863 2879 4154 
1570 2845 2861 2863 2879 4154 
1570 2845 2861 2863 2879 4154 
1570 2845 2861 2863 2879 4154 
1570 2845 2861 2863 2879 4154 
278 1553 1569 1571 1587 2862 
278 1553 1569 1571 1587 2862 
278 1553 1569 1571 1587 2862 
278 1553 1569 1571 1587 2862 
278 1553 1569 1571 1587 2862 
278 1553 1569 1571 1587 2862 
295 1570 1586 1588 1604 2879 
295 1570 1586 1588 1604 2879 
295 1570 1586 1588 1604 2879 
295 1570 1586 1588 1604 2879 
295 1570 1586 1588 1604 2879 
295 1570 1586 1588 1604 2879 
296 1571 1587 1589 1605 2880 
296 1571 1587 1589 1605 2880 
296 1571 1587 1589 1605 2880 
296 1571 1587 1589 1605 2880 
296 1571 1587 1589 1605 2880 
296 1571 1587 1589 1605 2880 
297 1572 1588 1590 1606 2881 
297 1572 1588 1590 1606 2881 
297 1572 1588 1590 1606 2881 
297 1572 1588 1590 1606 2881 
297 1572 1588 1590 1606 2881 
297 1572 1588 1590 1606 2881 
314 1589 1605 1607 1623 2898 
314 1589 1605 1607 1623 2898 
314 1589 1605 1607 1623 2898 
314 1589 1605 1607 1623 2898 
314 1589 1605 1607 1623 2898 
314 1589 1605 1607 1623 2898 
315 1590 1606 1608 1624 2899 
315 1590 1606 1608 1624 2899 
315 1590 1606 1608 1624 2899 
315 1590 1606 1608 1624 2899 
315 1590 1606 1608 1624 2899 
315 1590 1606 1608 1624 2899 
332 1607 1623 1625 1641 2916 
332 1607 1623 1625 1641 2916 
332 1607 1623 1625 1641 2916 
332 1607 1623 1625 1641 2916 
332 1607 1623 1625 1641 2916 
332 1607 1623 1625 1641 2916 
313 1588 1604 1606 1622 2897 
313 1588 1604 1606 1622 2897 
313 1588 1604 1606 1622 2897 
313 1588 1604 1606 1622 2897 
313 1588 1604 1606 1622 2897 
313 1588 1604 1606 1622 2897 
315 331 333 349 1624 
315 331 333 349 1624 
315 331 333 349 1624 
315 331 333 349 1624 
315 331 333 349 1624 
316 332 334 350 1625 
316 332 334 350 1625 
316 332 334 350 1625 
316 332 334 350 1625 
316 332 334 350 1625 
1588 2863 2879 2881 2897 4172 
1588 2863 2879 2881 2897 4172 
1588 2863 2879 2881 2897 4172 
1588 2863 2879 2881 2897 4172 
1588 2863 2879 2881 2897 4172 
1588 2863 2879 2881 2897 4172 
297 313 315 331 1606 
297 313 315 331 1606 
297 313 315 331 1606 
297 313 315 331 1606 
297 313 315 331 1606 
1587 2862 2878 2880 2896 4171 
1587 2862 2878 2880 2896 4171 
1587 2862 2878 2880 2896 4171 
1587 2862 2878 2880 2896 4171 
1587 2862 2878 2880 2896 4171 
1587 2862 2878 2880 2896 4171 
298 314 316 332 1607 
298 314 316 332 1607 
298 314 316 332 1607 
298 314 316 332 1607 
298 314 316 332 1607 
277 1552 1568 1570 1586 2861 
277 1552 1568 1570 1586 2861 
277 1552 1568 1570 1586 2861 
277 1552 1568 1570 1586 2861 
277 1552 1568 1570 1586 2861 
277 1552 1568 1570 1586 2861 
333 1608 1624 1626 1642 2917 
333 1608 1624 1626 1642 2917 
333 1608 1624 1626 1642 2917 
333 1608 1624 1626 1642 2917 
333 1608 1624 1626 1642 2917 
333 1608 1624 1626 1642 2917 
279 1554 1570 1572 1588 2863 
279 1554 1570 1572 1588 2863 
279 1554 1570 1572 1588 2863 
279 1554 1570 1572 1588 2863 
279 1554 1570 1572 1588 2863 
279 1554 1570 1572 1588 2863 
331 1606 1622 1624 1640 2915 
331 1606 1622 1624 1640 2915 
331 1606 1622 1624 1640 2915 
331 1606 1622 1624 1640 2915 
331 1606 1622 1624 1640 2915 
331 1606 1622 1624 1640 2915 
333 349 351 367 1642 
333 349 351 367 1642 
333 349 351 367 1642 
333 349 351 367 1642 
333 349 351 367 1642 
